version https://git-lfs.github.com/spec/v1
oid sha256:249851b61ae9f69ca384e8532f98a9fc5e20eb416560a6572bf782099523956c
size 952
