version https://git-lfs.github.com/spec/v1
oid sha256:00998f81a24b8e18c0b776cf32eb92d8558c8b01ef9c1efbc1faf0b34c30e934
size 3838
