version https://git-lfs.github.com/spec/v1
oid sha256:f1d501a8403b8f89e1ccd7a9f9a6a4a9f9e8cea357f699c4cd0e5419f840f39b
size 20387
