原用户名	原内容	原发布时间	转发用户名	转发用户id	转发内容	点赞数	转发时间	转发来源
娱小猫	:#张雨绮山东话rap#哈哈哈哈哈张雨绮山东话rap：穿俺滴新衣俺滴新衣山东话rap好有喜感啊！！！感觉闻到了大地泥土的芬芳哈哈哈哈哈 	2020-08-04 14:46:42    	玖至	6292049505	玖至:太逗了哈哈	赞[0]	2020-08-04 14:47:44	来自
娱小猫	:#张雨绮山东话rap#哈哈哈哈哈张雨绮山东话rap：穿俺滴新衣俺滴新衣山东话rap好有喜感啊！！！感觉闻到了大地泥土的芬芳哈哈哈哈哈 	2020-08-04 14:46:42    	我想吃小小鱼干	7300333899	我想吃小小鱼干:哈哈哈	赞[0]	2020-08-04 14:47:44	来自OPPO Reno Ace
娱小猫	:#张雨绮山东话rap#哈哈哈哈哈张雨绮山东话rap：穿俺滴新衣俺滴新衣山东话rap好有喜感啊！！！感觉闻到了大地泥土的芬芳哈哈哈哈哈 	2020-08-04 14:46:42    	心的港湾60023	5977640640	心的港湾60023:哈哈，可爱极了	赞[0]	2020-08-04 14:47:42	来自OPPO A8
娱小猫	:#张雨绮山东话rap#哈哈哈哈哈张雨绮山东话rap：穿俺滴新衣俺滴新衣山东话rap好有喜感啊！！！感觉闻到了大地泥土的芬芳哈哈哈哈哈 	2020-08-04 14:46:42    	拥抱灬未来	5527969648	拥抱灬未来:实在太可爱了吧。	赞[0]	2020-08-04 14:47:38	来自Redmi K30 全速热爱
娱小猫	:#张雨绮山东话rap#哈哈哈哈哈张雨绮山东话rap：穿俺滴新衣俺滴新衣山东话rap好有喜感啊！！！感觉闻到了大地泥土的芬芳哈哈哈哈哈 	2020-08-04 14:46:42    	心动·海盐出逃	6559124342	心动·海盐出逃:真的好可爱呀！	赞[0]	2020-08-04 14:47:55	来自荣耀V20 4800万3D相机
娱小猫	:#张雨绮山东话rap#哈哈哈哈哈张雨绮山东话rap：穿俺滴新衣俺滴新衣山东话rap好有喜感啊！！！感觉闻到了大地泥土的芬芳哈哈哈哈哈 	2020-08-04 14:46:42    	希木原子莎	7330466879	希木原子莎:转发微博	赞[0]	2020-08-04 14:47:52	来自vivo Z5x性能实力派
娱小猫	:#张雨绮山东话rap#哈哈哈哈哈张雨绮山东话rap：穿俺滴新衣俺滴新衣山东话rap好有喜感啊！！！感觉闻到了大地泥土的芬芳哈哈哈哈哈 	2020-08-04 14:46:42    	愧娇斯09	6263487715	愧娇斯09:用心养花是一种心情	赞[0]	2020-08-04 15:15:44	来自iPhone客户端
娱小猫	:#张雨绮山东话rap#哈哈哈哈哈张雨绮山东话rap：穿俺滴新衣俺滴新衣山东话rap好有喜感啊！！！感觉闻到了大地泥土的芬芳哈哈哈哈哈 	2020-08-04 14:46:42    	盖雍雅_司机	6837068154	盖雍雅_司机:	赞[0]	2020-08-04 15:20:55	来自iPhone客户端
娱小猫	:#张雨绮山东话rap#哈哈哈哈哈张雨绮山东话rap：穿俺滴新衣俺滴新衣山东话rap好有喜感啊！！！感觉闻到了大地泥土的芬芳哈哈哈哈哈 	2020-08-04 14:46:42    	冒失地壤驷艹希慕	6861323312	冒失地壤驷艹希慕:山沟	赞[0]	2020-08-04 15:18:56	来自iPhone客户端
娱小猫	:#张雨绮山东话rap#哈哈哈哈哈张雨绮山东话rap：穿俺滴新衣俺滴新衣山东话rap好有喜感啊！！！感觉闻到了大地泥土的芬芳哈哈哈哈哈 	2020-08-04 14:46:42    	伊德叛逆广袤	6032751674	伊德叛逆广袤:想要走得快，就单独上路；想要走得远，就结伴同行	赞[0]	2020-08-04 15:30:54	来自iPhone客户端
娱小猫	:#张雨绮山东话rap#哈哈哈哈哈张雨绮山东话rap：穿俺滴新衣俺滴新衣山东话rap好有喜感啊！！！感觉闻到了大地泥土的芬芳哈哈哈哈哈 	2020-08-04 14:46:42    	zougaibeng5400955371	6853930630	zougaibeng5400955371:如风的思念	赞[0]	2020-08-04 15:35:17	来自iPhone客户端
