原用户名	原内容	原发布时间	转发用户名	转发用户id	转发内容	点赞数	转发时间	转发来源
DR钻戒-DarryRing	:#恋爱前要不要做背景调查#果然是别人家男朋友系列，求生欲太强了！快@ 你的男朋友来调查一波 	2020-07-22 17:37:19    	Y-windy木木哒	5641096044	Y-windy木木哒:转发微博	赞[0]	2020-07-22 20:03:33	来自HUAWEI P20
DR钻戒-DarryRing	:#恋爱前要不要做背景调查#果然是别人家男朋友系列，求生欲太强了！快@ 你的男朋友来调查一波 	2020-07-22 17:37:19    	莉莉莉莉莉莉莉姐_	3846232420	莉莉莉莉莉莉莉姐_:转发微博	赞[0]	2020-07-22 18:27:48	来自荣耀20 PRO
DR钻戒-DarryRing	:#恋爱前要不要做背景调查#果然是别人家男朋友系列，求生欲太强了！快@ 你的男朋友来调查一波 	2020-07-22 17:37:19    	薄荷糖_为王	5818966990	薄荷糖_为王:转发微博	赞[0]	2020-07-22 17:57:09	来自HUAWEI Mate 20
DR钻戒-DarryRing	:#恋爱前要不要做背景调查#果然是别人家男朋友系列，求生欲太强了！快@ 你的男朋友来调查一波 	2020-07-22 17:37:19    	Yilia_J	3210743307	Yilia_J:等有个男朋友来调查	赞[0]	2020-07-22 17:47:46	来自iPhone客户端
DR钻戒-DarryRing	:#恋爱前要不要做背景调查#果然是别人家男朋友系列，求生欲太强了！快@ 你的男朋友来调查一波 	2020-07-22 17:37:19    	牠说-294	5143348394	牠说-294:@非默喔	赞[0]	2020-07-23 00:51:33	来自前置双摄vivo X9
DR钻戒-DarryRing	:#恋爱前要不要做背景调查#果然是别人家男朋友系列，求生欲太强了！快@ 你的男朋友来调查一波 	2020-07-22 17:37:19    	沅有芷兮澧有兰5	1773714525	沅有芷兮澧有兰5:转发微博	赞[0]	2020-07-22 23:47:41	来自iPhone客户端
DR钻戒-DarryRing	:#恋爱前要不要做背景调查#果然是别人家男朋友系列，求生欲太强了！快@ 你的男朋友来调查一波 	2020-07-22 17:37:19    	萌萌豆包620	3834808088	萌萌豆包620:转发微博	赞[0]	2020-07-22 23:08:31	来自nova4e 3200W立体美颜
DR钻戒-DarryRing	:#恋爱前要不要做背景调查#果然是别人家男朋友系列，求生欲太强了！快@ 你的男朋友来调查一波 	2020-07-22 17:37:19    	馨皮卡丘	3753679847	馨皮卡丘:转发微博	赞[0]	2020-07-22 22:47:45	来自iPhone客户端
