原用户名	原内容	原发布时间	转发用户名	转发用户id	转发内容	点赞数	转发时间	转发来源
星闻追踪	:#唯一的好男人是许子言#谁能抵挡的了许子言的可爱，古灵精怪像极了年画娃娃给剧情增彩 	2020-07-29 13:42:00    	杰杰羙想的美	2514161384	杰杰羙想的美:演得很好	赞[0]	2020-07-29 13:43:12	来自iPhone客户端
星闻追踪	:#唯一的好男人是许子言#谁能抵挡的了许子言的可爱，古灵精怪像极了年画娃娃给剧情增彩 	2020-07-29 13:42:00    	zhuan转瞬即逝的光阴荏苒	5360637860	zhuan转瞬即逝的光阴荏苒:还真的可爱呢	赞[0]	2020-07-29 13:43:11	来自nova4自拍极点全面屏
星闻追踪	:#唯一的好男人是许子言#谁能抵挡的了许子言的可爱，古灵精怪像极了年画娃娃给剧情增彩 	2020-07-29 13:42:00    	珍藏的瞬间	5599342019	珍藏的瞬间:小朋友真的是特别的可爱呀！。	赞[0]	2020-07-29 13:43:11	来自vivo Z5i 超能续航
星闻追踪	:#唯一的好男人是许子言#谁能抵挡的了许子言的可爱，古灵精怪像极了年画娃娃给剧情增彩 	2020-07-29 13:42:00    	很不错的一小伙	7409550622	很不错的一小伙:真的太能爱了吧。	赞[0]	2020-07-29 13:43:11	来自OPPO Reno Ace
星闻追踪	:#唯一的好男人是许子言#谁能抵挡的了许子言的可爱，古灵精怪像极了年画娃娃给剧情增彩 	2020-07-29 13:42:00    	村上男神	5374748996	村上男神:就他最可爱了	赞[0]	2020-07-29 13:43:10	来自OPPO A11x
星闻追踪	:#唯一的好男人是许子言#谁能抵挡的了许子言的可爱，古灵精怪像极了年画娃娃给剧情增彩 	2020-07-29 13:42:00    	我就是zhou星_906	5109341759	我就是zhou星_906:一个可爱的小暖男	赞[0]	2020-07-29 13:43:25	来自OPPO Reno
星闻追踪	:#唯一的好男人是许子言#谁能抵挡的了许子言的可爱，古灵精怪像极了年画娃娃给剧情增彩 	2020-07-29 13:42:00    	小进洋	6548072794	小进洋:真的是太可爱了。	赞[0]	2020-07-29 13:43:23	来自前后2000万 OPPO R11
星闻追踪	:#唯一的好男人是许子言#谁能抵挡的了许子言的可爱，古灵精怪像极了年画娃娃给剧情增彩 	2020-07-29 13:42:00    	无忧无虑玩	2981501565	无忧无虑玩:对啊，许子言真好	赞[0]	2020-07-29 13:43:22	来自OPPO A11
星闻追踪	:#唯一的好男人是许子言#谁能抵挡的了许子言的可爱，古灵精怪像极了年画娃娃给剧情增彩 	2020-07-29 13:42:00    	元芳呀呀评败两转	6320193121	元芳呀呀评败两转:转发微博	赞[0]	2020-07-29 13:43:52	来自iPhone 7 Plus
星闻追踪	:#唯一的好男人是许子言#谁能抵挡的了许子言的可爱，古灵精怪像极了年画娃娃给剧情增彩 	2020-07-29 13:42:00    	娱梅姐	7323496634	娱梅姐:真的太可爱了	赞[0]	2020-07-29 13:43:42	来自荣耀7C 人脸识别双摄
星闻追踪	:#唯一的好男人是许子言#谁能抵挡的了许子言的可爱，古灵精怪像极了年画娃娃给剧情增彩 	2020-07-29 13:42:00    	点点音乐美文m	6572711748	点点音乐美文m:这也太可爱了	赞[0]	2020-07-29 13:43:43	来自vivo Y3标准版
星闻追踪	:#唯一的好男人是许子言#谁能抵挡的了许子言的可爱，古灵精怪像极了年画娃娃给剧情增彩 	2020-07-29 13:42:00    	犀牛与蜂鸟666	7457633348	犀牛与蜂鸟666:最最喜欢你了小宝贝	赞[0]	2020-07-29 13:43:38	来自iPhone客户端
星闻追踪	:#唯一的好男人是许子言#谁能抵挡的了许子言的可爱，古灵精怪像极了年画娃娃给剧情增彩 	2020-07-29 13:42:00    	钟文霞5871	7369181176	钟文霞5871:小弟弟太可爱啦！	赞[0]	2020-07-29 13:44:58	来自vivo Y3 闪充强续航
星闻追踪	:#唯一的好男人是许子言#谁能抵挡的了许子言的可爱，古灵精怪像极了年画娃娃给剧情增彩 	2020-07-29 13:42:00    	慢慢慢的生活	7354637263	慢慢慢的生活:好可爱的许子言，真的古灵精怪。	赞[0]	2020-07-29 13:44:21	来自HUAWEI Mate 10
星闻追踪	:#唯一的好男人是许子言#谁能抵挡的了许子言的可爱，古灵精怪像极了年画娃娃给剧情增彩 	2020-07-29 13:42:00    	今天也是积极向上的好青年	1478677121	今天也是积极向上的好青年:太喜欢这个小宝贝了	赞[0]	2020-07-29 13:44:12	来自Redmi Note 8 Pro四摄
星闻追踪	:#唯一的好男人是许子言#谁能抵挡的了许子言的可爱，古灵精怪像极了年画娃娃给剧情增彩 	2020-07-29 13:42:00    	无心虚灵	6347482798	无心虚灵:许子言太可爱了	赞[0]	2020-07-29 13:44:05	来自荣耀 9X
星闻追踪	:#唯一的好男人是许子言#谁能抵挡的了许子言的可爱，古灵精怪像极了年画娃娃给剧情增彩 	2020-07-29 13:42:00    	我爱吃红烧鱼吖	5882929961	我爱吃红烧鱼吖:真的太可爱了	赞[0]	2020-07-29 13:44:02	来自前后2000万 OPPO R11s
星闻追踪	:#唯一的好男人是许子言#谁能抵挡的了许子言的可爱，古灵精怪像极了年画娃娃给剧情增彩 	2020-07-29 13:42:00    	万心语录	5110696453	万心语录:转发微博	赞[0]	2020-07-29 14:04:11	来自Redmi Note 7 Pro
星闻追踪	:#唯一的好男人是许子言#谁能抵挡的了许子言的可爱，古灵精怪像极了年画娃娃给剧情增彩 	2020-07-29 13:42:00    	辉小伦gallon	6979581670	辉小伦gallon:感觉很不错，一定会支持到底的。	赞[0]	2020-07-29 14:00:33	来自Android客户端
星闻追踪	:#唯一的好男人是许子言#谁能抵挡的了许子言的可爱，古灵精怪像极了年画娃娃给剧情增彩 	2020-07-29 13:42:00    	飛焉非煙崇	6509688889	飛焉非煙崇:这个必须顶，不然都对不起自己了呀	赞[0]	2020-07-29 14:00:15	来自小米6 拍人更美
星闻追踪	:#唯一的好男人是许子言#谁能抵挡的了许子言的可爱，古灵精怪像极了年画娃娃给剧情增彩 	2020-07-29 13:42:00    	immwayne易	6192128012	immwayne易:这个不能错过了 	赞[0]	2020-07-29 13:59:35	来自前后2000万 OPPO R11
星闻追踪	:#唯一的好男人是许子言#谁能抵挡的了许子言的可爱，古灵精怪像极了年画娃娃给剧情增彩 	2020-07-29 13:42:00    	HWQ的地盘玲	6439621660	HWQ的地盘玲:这个不错，很得偶喜欢	赞[0]	2020-07-29 14:12:55	来自小米MIX 2 全面屏手机
星闻追踪	:#唯一的好男人是许子言#谁能抵挡的了许子言的可爱，古灵精怪像极了年画娃娃给剧情增彩 	2020-07-29 13:42:00    	Sillyseven骞	6496999000	Sillyseven骞:哇你们太有创意了	赞[0]	2020-07-29 14:06:11	来自小米MIX概念手机
星闻追踪	:#唯一的好男人是许子言#谁能抵挡的了许子言的可爱，古灵精怪像极了年画娃娃给剧情增彩 	2020-07-29 13:42:00    	死胖子辰	6495854937	死胖子辰:没有白看啊，很有收获啊	赞[0]	2020-07-29 14:17:40	来自AI实力派 vivo Z1
星闻追踪	:#唯一的好男人是许子言#谁能抵挡的了许子言的可爱，古灵精怪像极了年画娃娃给剧情增彩 	2020-07-29 13:42:00    	龙思__53	6895038997	龙思__53:给力  围观	赞[0]	2020-07-29 14:25:58	来自微博 weibo.com
星闻追踪	:#唯一的好男人是许子言#谁能抵挡的了许子言的可爱，古灵精怪像极了年画娃娃给剧情增彩 	2020-07-29 13:42:00    	土德善人	7424026096	土德善人:很帅，很可爱的小孩。	赞[0]	2020-07-29 14:36:46	来自红米Redmi
