原用户名	原内容	原发布时间	转发用户名	转发用户id	转发内容	点赞数	转发时间	转发来源
教父娱乐	:#吴亦凡发长文# #青簪行杀青#恭喜吴亦凡《青簪行》杀青！进组七个多月，横跨三个季节拍摄终于杀青了！期待吴亦凡演绎的睽王李舒白#吴亦凡青簪行# @Mr_凡先生 	2020-07-16 21:41:55    	小贾宝贝baby	7407783187	小贾宝贝baby:真的可	赞[0]	2020-07-16 21:43:33	来自nova4自拍极点全面屏
教父娱乐	:#吴亦凡发长文# #青簪行杀青#恭喜吴亦凡《青簪行》杀青！进组七个多月，横跨三个季节拍摄终于杀青了！期待吴亦凡演绎的睽王李舒白#吴亦凡青簪行# @Mr_凡先生 	2020-07-16 21:41:55    	曼珊最可爱	7373266786	曼珊最可爱:转发微博	赞[0]	2020-07-16 21:43:29	来自HUAWEI P20
教父娱乐	:#吴亦凡发长文# #青簪行杀青#恭喜吴亦凡《青簪行》杀青！进组七个多月，横跨三个季节拍摄终于杀青了！期待吴亦凡演绎的睽王李舒白#吴亦凡青簪行# @Mr_凡先生 	2020-07-16 21:41:55    	led小小孩	6789796881	led小小孩:真的期待了	赞[0]	2020-07-16 21:43:24	来自OPPO Reno
教父娱乐	:#吴亦凡发长文# #青簪行杀青#恭喜吴亦凡《青簪行》杀青！进组七个多月，横跨三个季节拍摄终于杀青了！期待吴亦凡演绎的睽王李舒白#吴亦凡青簪行# @Mr_凡先生 	2020-07-16 21:41:55    	我是洋洋洋洋洋啊	7327726346	我是洋洋洋洋洋啊:期待呀	赞[0]	2020-07-16 21:43:53	来自iPhone客户端
教父娱乐	:#吴亦凡发长文# #青簪行杀青#恭喜吴亦凡《青簪行》杀青！进组七个多月，横跨三个季节拍摄终于杀青了！期待吴亦凡演绎的睽王李舒白#吴亦凡青簪行# @Mr_凡先生 	2020-07-16 21:41:55    	biubiu028_	6441188701	biubiu028_:好期待啊	赞[0]	2020-07-16 21:43:42	来自iPhone客户端
教父娱乐	:#吴亦凡发长文# #青簪行杀青#恭喜吴亦凡《青簪行》杀青！进组七个多月，横跨三个季节拍摄终于杀青了！期待吴亦凡演绎的睽王李舒白#吴亦凡青簪行# @Mr_凡先生 	2020-07-16 21:41:55    	小喵喜欢晒月亮吖	6570711374	小喵喜欢晒月亮吖://@鸡术性洗白:期待首位担任福布斯评委的亚洲艺人，首位在超级碗活动演出的中国面孔，美国iTunes双榜登顶、创造华人歌手最好成绩的国际化音乐人，获得HMA国际流行音乐广播2018年度娱乐人物奖，获得MMVAs最受欢迎新人奖，首位且唯一位同时进入BillboardHot100和Billboard200的华人歌手吴亦凡@Mr_凡先生	赞[0]	2020-07-16 21:43:43	来自vivo智能手机
教父娱乐	:#吴亦凡发长文# #青簪行杀青#恭喜吴亦凡《青簪行》杀青！进组七个多月，横跨三个季节拍摄终于杀青了！期待吴亦凡演绎的睽王李舒白#吴亦凡青簪行# @Mr_凡先生 	2020-07-16 21:41:55    	茶水bot	7347905824	茶水bot:李舒白值得期待哦	赞[0]	2020-07-16 21:44:00	来自nova7SE 5G你在焦点在
教父娱乐	:#吴亦凡发长文# #青簪行杀青#恭喜吴亦凡《青簪行》杀青！进组七个多月，横跨三个季节拍摄终于杀青了！期待吴亦凡演绎的睽王李舒白#吴亦凡青簪行# @Mr_凡先生 	2020-07-16 21:41:55    	小锦欧幸	7313369212	小锦欧幸:哇⊙∀⊙！期待期待	赞[0]	2020-07-16 21:44:01	来自OPPO R15 梦镜版
教父娱乐	:#吴亦凡发长文# #青簪行杀青#恭喜吴亦凡《青簪行》杀青！进组七个多月，横跨三个季节拍摄终于杀青了！期待吴亦凡演绎的睽王李舒白#吴亦凡青簪行# @Mr_凡先生 	2020-07-16 21:41:55    	下辈子做一颗树一阵风	3181257070	下辈子做一颗树一阵风:期待吴亦凡	赞[0]	2020-07-16 21:44:15	来自iPhone客户端
教父娱乐	:#吴亦凡发长文# #青簪行杀青#恭喜吴亦凡《青簪行》杀青！进组七个多月，横跨三个季节拍摄终于杀青了！期待吴亦凡演绎的睽王李舒白#吴亦凡青簪行# @Mr_凡先生 	2020-07-16 21:41:55    	CandyNov03	candynov03	CandyNov03:#吴亦凡#	赞[0]	2020-07-16 21:44:14	来自iPhone客户端
教父娱乐	:#吴亦凡发长文# #青簪行杀青#恭喜吴亦凡《青簪行》杀青！进组七个多月，横跨三个季节拍摄终于杀青了！期待吴亦凡演绎的睽王李舒白#吴亦凡青簪行# @Mr_凡先生 	2020-07-16 21:41:55    	可爱头目A	6034898364	可爱头目A:哇杀青了啊	赞[0]	2020-07-16 21:44:13	来自前后2000万 OPPO R11
教父娱乐	:#吴亦凡发长文# #青簪行杀青#恭喜吴亦凡《青簪行》杀青！进组七个多月，横跨三个季节拍摄终于杀青了！期待吴亦凡演绎的睽王李舒白#吴亦凡青簪行# @Mr_凡先生 	2020-07-16 21:41:55    	无诲此生	hzb1095586302	无诲此生:转发微博	赞[0]	2020-07-16 21:45:18	来自HUAWEI P20
教父娱乐	:#吴亦凡发长文# #青簪行杀青#恭喜吴亦凡《青簪行》杀青！进组七个多月，横跨三个季节拍摄终于杀青了！期待吴亦凡演绎的睽王李舒白#吴亦凡青簪行# @Mr_凡先生 	2020-07-16 21:41:55    	就要吃红茶冰淇淋	6802530486	就要吃红茶冰淇淋:#青簪行杀青# 吴亦凡	赞[0]	2020-07-16 21:45:17	来自OPPO超视野全面屏R15
教父娱乐	:#吴亦凡发长文# #青簪行杀青#恭喜吴亦凡《青簪行》杀青！进组七个多月，横跨三个季节拍摄终于杀青了！期待吴亦凡演绎的睽王李舒白#吴亦凡青簪行# @Mr_凡先生 	2020-07-16 21:41:55    	不见面怎么说自己	5315524825	不见面怎么说自己:用0.5倍速 看好多遍	赞[0]	2020-07-16 21:45:08	来自前置双摄vivo X9
教父娱乐	:#吴亦凡发长文# #青簪行杀青#恭喜吴亦凡《青簪行》杀青！进组七个多月，横跨三个季节拍摄终于杀青了！期待吴亦凡演绎的睽王李舒白#吴亦凡青簪行# @Mr_凡先生 	2020-07-16 21:41:55    	卖萌可耻罚黑牌	5164947617	卖萌可耻罚黑牌:#青簪行杀青#  不争不抢却引来猜忌妒忌，心怀天下却遭受诅咒谩骂，暌王#吴亦凡李舒白#如何解开一个个惊世之案？如何从鳏寡孤独废中抽身而出？敬请期待#吴亦凡青簪行# @Mr_凡先生	赞[0]	2020-07-16 21:44:55	来自kk.Android
教父娱乐	:#吴亦凡发长文# #青簪行杀青#恭喜吴亦凡《青簪行》杀青！进组七个多月，横跨三个季节拍摄终于杀青了！期待吴亦凡演绎的睽王李舒白#吴亦凡青簪行# @Mr_凡先生 	2020-07-16 21:41:55    	我会永远记得你19901106	5849687949	我会永远记得你19901106:吴亦凡	赞[0]	2020-07-16 21:44:52	来自HUAWEI P20
教父娱乐	:#吴亦凡发长文# #青簪行杀青#恭喜吴亦凡《青簪行》杀青！进组七个多月，横跨三个季节拍摄终于杀青了！期待吴亦凡演绎的睽王李舒白#吴亦凡青簪行# @Mr_凡先生 	2020-07-16 21:41:55    	Ms_香港妮	6135730428	Ms_香港妮:转发微博	赞[0]	2020-07-16 21:46:51	来自三星android智能手机
教父娱乐	:#吴亦凡发长文# #青簪行杀青#恭喜吴亦凡《青簪行》杀青！进组七个多月，横跨三个季节拍摄终于杀青了！期待吴亦凡演绎的睽王李舒白#吴亦凡青簪行# @Mr_凡先生 	2020-07-16 21:41:55    	min七七子	5526091114	min七七子:李舒白	赞[0]	2020-07-16 21:50:05	来自荣耀9 美得有声有色
教父娱乐	:#吴亦凡发长文# #青簪行杀青#恭喜吴亦凡《青簪行》杀青！进组七个多月，横跨三个季节拍摄终于杀青了！期待吴亦凡演绎的睽王李舒白#吴亦凡青簪行# @Mr_凡先生 	2020-07-16 21:41:55    	Abby的小小小	2903552844	Abby的小小小:好期待啊	赞[0]	2020-07-16 21:49:39	来自iPhone客户端
教父娱乐	:#吴亦凡发长文# #青簪行杀青#恭喜吴亦凡《青簪行》杀青！进组七个多月，横跨三个季节拍摄终于杀青了！期待吴亦凡演绎的睽王李舒白#吴亦凡青簪行# @Mr_凡先生 	2020-07-16 21:41:55    	七白未名	librajun	七白未名:吴亦凡古装太飒#吴亦凡青簪行# 	赞[0]	2020-07-16 21:49:29	来自小米Note 3 拍人更美
教父娱乐	:#吴亦凡发长文# #青簪行杀青#恭喜吴亦凡《青簪行》杀青！进组七个多月，横跨三个季节拍摄终于杀青了！期待吴亦凡演绎的睽王李舒白#吴亦凡青簪行# @Mr_凡先生 	2020-07-16 21:41:55    	_阿泽君_	6084786071	_阿泽君_:#青簪行杀青# 雾散见「舒」云，星光映「白」月，红鱼惑人引谜案，玲珑巧思探人心，谎言说的再多也有被戳穿的时候，戏演的再像，也掩盖不了背后的肮脏，耐心等待只为揭开最终真相。睽家军前来报到，参见王爷@Mr_凡先生	赞[0]	2020-07-16 21:49:05	来自华为手机
教父娱乐	:#吴亦凡发长文# #青簪行杀青#恭喜吴亦凡《青簪行》杀青！进组七个多月，横跨三个季节拍摄终于杀青了！期待吴亦凡演绎的睽王李舒白#吴亦凡青簪行# @Mr_凡先生 	2020-07-16 21:41:55    	丶你亲爹	6001093077	丶你亲爹:转发微博	赞[0]	2020-07-16 21:48:45	来自Android
教父娱乐	:#吴亦凡发长文# #青簪行杀青#恭喜吴亦凡《青簪行》杀青！进组七个多月，横跨三个季节拍摄终于杀青了！期待吴亦凡演绎的睽王李舒白#吴亦凡青簪行# @Mr_凡先生 	2020-07-16 21:41:55    	下辈子做一颗树一阵风	3181257070	下辈子做一颗树一阵风:吴亦凡真是什么造型都帅	赞[0]	2020-07-16 21:48:25	来自iPhone客户端
教父娱乐	:#吴亦凡发长文# #青簪行杀青#恭喜吴亦凡《青簪行》杀青！进组七个多月，横跨三个季节拍摄终于杀青了！期待吴亦凡演绎的睽王李舒白#吴亦凡青簪行# @Mr_凡先生 	2020-07-16 21:41:55    	温温陷入深海	6098803095	温温陷入深海:恭喜杀青🎉 辛苦导演和剧组工作人员期待吴亦凡文能提笔安天下，武能挥剑斩乾坤，尊贵已极，繁华顶端，王爷秉轴持钧，是枢纽也是升华。青簪已行，天河将兴，敬请期待一番男主#吴亦凡李舒白#恭迎暌王殿下	赞[0]	2020-07-16 21:48:01	来自荣耀 9X
教父娱乐	:#吴亦凡发长文# #青簪行杀青#恭喜吴亦凡《青簪行》杀青！进组七个多月，横跨三个季节拍摄终于杀青了！期待吴亦凡演绎的睽王李舒白#吴亦凡青簪行# @Mr_凡先生 	2020-07-16 21:41:55    	萌萌哒的小嫚	2653306935	萌萌哒的小嫚:好期待啊	赞[0]	2020-07-16 21:47:46	来自HUAWEI Mate 20 Pro
教父娱乐	:#吴亦凡发长文# #青簪行杀青#恭喜吴亦凡《青簪行》杀青！进组七个多月，横跨三个季节拍摄终于杀青了！期待吴亦凡演绎的睽王李舒白#吴亦凡青簪行# @Mr_凡先生 	2020-07-16 21:41:55    	20XX-编内安塔尔警长	3246098471	20XX-编内安塔尔警长:期待吴亦凡！	赞[0]	2020-07-16 21:51:33	来自微博国际版
教父娱乐	:#吴亦凡发长文# #青簪行杀青#恭喜吴亦凡《青簪行》杀青！进组七个多月，横跨三个季节拍摄终于杀青了！期待吴亦凡演绎的睽王李舒白#吴亦凡青簪行# @Mr_凡先生 	2020-07-16 21:41:55    	用户fgpig776t1	3198027963	用户fgpig776t1://@啊菠萝飯飯:皓天舒白日，灵景耀神州。天地之间风云起，抽丝剥茧谜底现。演员吴亦凡@Mr_凡先生 睽违归来，演绎惊世暌王李舒白。	赞[0]	2020-07-16 21:51:33	来自荣耀8X
教父娱乐	:#吴亦凡发长文# #青簪行杀青#恭喜吴亦凡《青簪行》杀青！进组七个多月，横跨三个季节拍摄终于杀青了！期待吴亦凡演绎的睽王李舒白#吴亦凡青簪行# @Mr_凡先生 	2020-07-16 21:41:55    	李狗蛋真的不想再被炸号了	6267705048	李狗蛋真的不想再被炸号了:期待吴亦凡，期待李舒白 #吴亦凡# #吴亦凡李舒白# 	赞[0]	2020-07-16 21:50:31	来自华为手机
教父娱乐	:#吴亦凡发长文# #青簪行杀青#恭喜吴亦凡《青簪行》杀青！进组七个多月，横跨三个季节拍摄终于杀青了！期待吴亦凡演绎的睽王李舒白#吴亦凡青簪行# @Mr_凡先生 	2020-07-16 21:41:55    	你能看看天有多高	5977378673	你能看看天有多高://@丶你亲爹:转发微博	赞[0]	2020-07-16 21:54:35	来自小米8周年旗舰手机
教父娱乐	:#吴亦凡发长文# #青簪行杀青#恭喜吴亦凡《青簪行》杀青！进组七个多月，横跨三个季节拍摄终于杀青了！期待吴亦凡演绎的睽王李舒白#吴亦凡青簪行# @Mr_凡先生 	2020-07-16 21:41:55    	会勉强	5687425152	会勉强:#青簪行杀青# 长发我可以	赞[1]	2020-07-16 21:54:26	来自前后2000万 OPPO R11
教父娱乐	:#吴亦凡发长文# #青簪行杀青#恭喜吴亦凡《青簪行》杀青！进组七个多月，横跨三个季节拍摄终于杀青了！期待吴亦凡演绎的睽王李舒白#吴亦凡青簪行# @Mr_凡先生 	2020-07-16 21:41:55    	黄皮阿姨-	2709927640	黄皮阿姨-:#青簪行杀青# 	赞[0]	2020-07-16 21:53:56	来自Android
教父娱乐	:#吴亦凡发长文# #青簪行杀青#恭喜吴亦凡《青簪行》杀青！进组七个多月，横跨三个季节拍摄终于杀青了！期待吴亦凡演绎的睽王李舒白#吴亦凡青簪行# @Mr_凡先生 	2020-07-16 21:41:55    	星空里的GTR	6246446524	星空里的GTR:太太太期待了	赞[0]	2020-07-16 21:55:31	来自OPPO Reno
教父娱乐	:#吴亦凡发长文# #青簪行杀青#恭喜吴亦凡《青簪行》杀青！进组七个多月，横跨三个季节拍摄终于杀青了！期待吴亦凡演绎的睽王李舒白#吴亦凡青簪行# @Mr_凡先生 	2020-07-16 21:41:55    	玛格丽特cl	7202438174	玛格丽特cl:#吴亦凡青簪行# #青簪行杀青# 期待睽王李舒白@Mr_凡先生	赞[0]	2020-07-16 21:54:54	来自vivo 全新水滴屏手机
教父娱乐	:#吴亦凡发长文# #青簪行杀青#恭喜吴亦凡《青簪行》杀青！进组七个多月，横跨三个季节拍摄终于杀青了！期待吴亦凡演绎的睽王李舒白#吴亦凡青簪行# @Mr_凡先生 	2020-07-16 21:41:55    	沐沐沐沐沐沐水	5935994071	沐沐沐沐沐沐水:期待期待 想看古装的凡凡可以先去看#贰叁[音乐]# 呀	赞[0]	2020-07-16 21:54:50	来自HUAWEI nova 青春版
教父娱乐	:#吴亦凡发长文# #青簪行杀青#恭喜吴亦凡《青簪行》杀青！进组七个多月，横跨三个季节拍摄终于杀青了！期待吴亦凡演绎的睽王李舒白#吴亦凡青簪行# @Mr_凡先生 	2020-07-16 21:41:55    	一个素人的粉丝	7332947662	一个素人的粉丝:期待凡哥	赞[0]	2020-07-16 21:54:44	来自vivo智能手机
教父娱乐	:#吴亦凡发长文# #青簪行杀青#恭喜吴亦凡《青簪行》杀青！进组七个多月，横跨三个季节拍摄终于杀青了！期待吴亦凡演绎的睽王李舒白#吴亦凡青簪行# @Mr_凡先生 	2020-07-16 21:41:55    	HavenQ_Q	6313090016	HavenQ_Q://@闭嘴惊艳的kendall:感谢吴亦凡#吴亦凡李舒白#	赞[0]	2020-07-16 21:57:33	来自vivo iQOO生而强悍
教父娱乐	:#吴亦凡发长文# #青簪行杀青#恭喜吴亦凡《青簪行》杀青！进组七个多月，横跨三个季节拍摄终于杀青了！期待吴亦凡演绎的睽王李舒白#吴亦凡青簪行# @Mr_凡先生 	2020-07-16 21:41:55    	小凡的李嘉恒学长	6504430260	小凡的李嘉恒学长:转发微博	赞[0]	2020-07-16 21:57:07	来自荣耀10青春版
教父娱乐	:#吴亦凡发长文# #青簪行杀青#恭喜吴亦凡《青簪行》杀青！进组七个多月，横跨三个季节拍摄终于杀青了！期待吴亦凡演绎的睽王李舒白#吴亦凡青簪行# @Mr_凡先生 	2020-07-16 21:41:55    	如如爱吃小奶球	5541083170	如如爱吃小奶球:#青簪行杀青#期待 睽王殿下@Mr_凡先生 	赞[0]	2020-07-16 21:56:43	来自吴亦凡的iPhone X
教父娱乐	:#吴亦凡发长文# #青簪行杀青#恭喜吴亦凡《青簪行》杀青！进组七个多月，横跨三个季节拍摄终于杀青了！期待吴亦凡演绎的睽王李舒白#吴亦凡青簪行# @Mr_凡先生 	2020-07-16 21:41:55    	-非黑即白-Ko	7362552661	-非黑即白-Ko:#吴亦凡李舒白# #吴亦凡# #吴亦凡青簪行#	赞[0]	2020-07-16 22:00:27	来自iPhone客户端
教父娱乐	:#吴亦凡发长文# #青簪行杀青#恭喜吴亦凡《青簪行》杀青！进组七个多月，横跨三个季节拍摄终于杀青了！期待吴亦凡演绎的睽王李舒白#吴亦凡青簪行# @Mr_凡先生 	2020-07-16 21:41:55    	被撕碎的洛希极限	5212871597	被撕碎的洛希极限:期待演员@Mr_凡先生 的李舒白睽王	赞[0]	2020-07-16 22:00:14	来自Android客户端
教父娱乐	:#吴亦凡发长文# #青簪行杀青#恭喜吴亦凡《青簪行》杀青！进组七个多月，横跨三个季节拍摄终于杀青了！期待吴亦凡演绎的睽王李舒白#吴亦凡青簪行# @Mr_凡先生 	2020-07-16 21:41:55    	波蒂巴蒂	1691028060	波蒂巴蒂:吴亦凡就是屌！	赞[0]	2020-07-16 22:00:05	来自小米5X 拍人更美
教父娱乐	:#吴亦凡发长文# #青簪行杀青#恭喜吴亦凡《青簪行》杀青！进组七个多月，横跨三个季节拍摄终于杀青了！期待吴亦凡演绎的睽王李舒白#吴亦凡青簪行# @Mr_凡先生 	2020-07-16 21:41:55    	梦想家宁宁哈	5146061820	梦想家宁宁哈:转发微博	赞[0]	2020-07-16 22:00:05	来自HUAWEI P10 Plus
教父娱乐	:#吴亦凡发长文# #青簪行杀青#恭喜吴亦凡《青簪行》杀青！进组七个多月，横跨三个季节拍摄终于杀青了！期待吴亦凡演绎的睽王李舒白#吴亦凡青簪行# @Mr_凡先生 	2020-07-16 21:41:55    	Die-Renaissance	6006216242	Die-Renaissance://@yukari_美人控:#吴亦凡李舒白#	赞[0]	2020-07-16 21:59:52	来自华为手机 畅享玩不停
教父娱乐	:#吴亦凡发长文# #青簪行杀青#恭喜吴亦凡《青簪行》杀青！进组七个多月，横跨三个季节拍摄终于杀青了！期待吴亦凡演绎的睽王李舒白#吴亦凡青簪行# @Mr_凡先生 	2020-07-16 21:41:55    	金鑫金鑫好多金	2727194047	金鑫金鑫好多金:期待吴亦凡就完事儿了！	赞[0]	2020-07-16 22:01:29	来自小米8周年旗舰手机
教父娱乐	:#吴亦凡发长文# #青簪行杀青#恭喜吴亦凡《青簪行》杀青！进组七个多月，横跨三个季节拍摄终于杀青了！期待吴亦凡演绎的睽王李舒白#吴亦凡青簪行# @Mr_凡先生 	2020-07-16 21:41:55    	ALWAYS_十柒	5047234887	ALWAYS_十柒://@豆沙BBQ:辛苦拍摄 期待演员吴亦凡作品 #吴亦凡李舒白#	赞[0]	2020-07-16 22:01:28	来自
教父娱乐	:#吴亦凡发长文# #青簪行杀青#恭喜吴亦凡《青簪行》杀青！进组七个多月，横跨三个季节拍摄终于杀青了！期待吴亦凡演绎的睽王李舒白#吴亦凡青簪行# @Mr_凡先生 	2020-07-16 21:41:55    	减肥精儿	3629271287	减肥精儿://@豆沙BBQ:辛苦拍摄 期待演员吴亦凡作品 #吴亦凡李舒白#	赞[0]	2020-07-16 22:01:25	来自iPhone客户端
教父娱乐	:#吴亦凡发长文# #青簪行杀青#恭喜吴亦凡《青簪行》杀青！进组七个多月，横跨三个季节拍摄终于杀青了！期待吴亦凡演绎的睽王李舒白#吴亦凡青簪行# @Mr_凡先生 	2020-07-16 21:41:55    	睿子GR	3692981171	睿子GR://@爱凡90:恭喜🎉🍾️杀青快乐#吴亦凡[超话]# #吴亦凡青簪行# #青簪行杀青#	赞[0]	2020-07-16 22:01:21	来自小米8周年旗舰手机
教父娱乐	:#吴亦凡发长文# #青簪行杀青#恭喜吴亦凡《青簪行》杀青！进组七个多月，横跨三个季节拍摄终于杀青了！期待吴亦凡演绎的睽王李舒白#吴亦凡青簪行# @Mr_凡先生 	2020-07-16 21:41:55    	废物给爹爬	7093560116	废物给爹爬:#青簪行杀青# “世有舒白，方不寂寞” 一袭青色断乾坤，一骑铁马固江山，文可安邦，武可定国，翻手为云覆手为雨，山河长兴万古存！期待暌王李舒白@Mr_凡先生	赞[0]	2020-07-16 22:02:13	来自前后2000万 OPPO R11
教父娱乐	:#吴亦凡发长文# #青簪行杀青#恭喜吴亦凡《青簪行》杀青！进组七个多月，横跨三个季节拍摄终于杀青了！期待吴亦凡演绎的睽王李舒白#吴亦凡青簪行# @Mr_凡先生 	2020-07-16 21:41:55    	JULY的贰叁事	6409064138	JULY的贰叁事://@豆沙BBQ:辛苦拍摄 期待演员吴亦凡作品 #吴亦凡李舒白# 	赞[0]	2020-07-16 22:02:29	来自小米6X 拍人更美
教父娱乐	:#吴亦凡发长文# #青簪行杀青#恭喜吴亦凡《青簪行》杀青！进组七个多月，横跨三个季节拍摄终于杀青了！期待吴亦凡演绎的睽王李舒白#吴亦凡青簪行# @Mr_凡先生 	2020-07-16 21:41:55    	就要吃红茶冰淇淋	6802530486	就要吃红茶冰淇淋:#青簪行杀青# //@豆沙BBQ:辛苦拍摄 期待演员吴亦凡作品 #吴亦凡李舒白#	赞[0]	2020-07-16 22:02:29	来自OPPO超视野全面屏R15
教父娱乐	:#吴亦凡发长文# #青簪行杀青#恭喜吴亦凡《青簪行》杀青！进组七个多月，横跨三个季节拍摄终于杀青了！期待吴亦凡演绎的睽王李舒白#吴亦凡青簪行# @Mr_凡先生 	2020-07-16 21:41:55    	EEEsther_L	1782326897	EEEsther_L:恭喜杀青🎉 雾散见「舒」云，星光映「白」月，红鱼惑人引谜案，玲珑巧思探人心，青簪官宣，暌王归来。谎言说的再多也有被戳穿的时候，戏演的再像，也掩盖不了背后的肮脏，耐心等待只为揭开最终真相。暌家军前来报到，参见王爷@Mr_凡先生	赞[0]	2020-07-16 22:02:19	来自iPhone客户端
教父娱乐	:#吴亦凡发长文# #青簪行杀青#恭喜吴亦凡《青簪行》杀青！进组七个多月，横跨三个季节拍摄终于杀青了！期待吴亦凡演绎的睽王李舒白#吴亦凡青簪行# @Mr_凡先生 	2020-07-16 21:41:55    	吴亦凡的琪琪子	7283393422	吴亦凡的琪琪子://@豆沙BBQ:辛苦拍摄 期待演员吴亦凡作品 #吴亦凡李舒白#	赞[0]	2020-07-16 22:02:17	来自vivo 全新水滴屏手机
教父娱乐	:#吴亦凡发长文# #青簪行杀青#恭喜吴亦凡《青簪行》杀青！进组七个多月，横跨三个季节拍摄终于杀青了！期待吴亦凡演绎的睽王李舒白#吴亦凡青簪行# @Mr_凡先生 	2020-07-16 21:41:55    	叶菲月雅	5674915381	叶菲月雅://@豆沙BBQ:辛苦拍摄 期待演员吴亦凡作品 #吴亦凡李舒白#	赞[0]	2020-07-16 22:02:13	来自荣耀8 美得与众不同
教父娱乐	:#吴亦凡发长文# #青簪行杀青#恭喜吴亦凡《青簪行》杀青！进组七个多月，横跨三个季节拍摄终于杀青了！期待吴亦凡演绎的睽王李舒白#吴亦凡青簪行# @Mr_凡先生 	2020-07-16 21:41:55    	肉梵	7005573315	肉梵:转发微博	赞[0]	2020-07-16 22:03:34	来自iPhone客户端
教父娱乐	:#吴亦凡发长文# #青簪行杀青#恭喜吴亦凡《青簪行》杀青！进组七个多月，横跨三个季节拍摄终于杀青了！期待吴亦凡演绎的睽王李舒白#吴亦凡青簪行# @Mr_凡先生 	2020-07-16 21:41:55    	不繁亦不凡H	6047924865	不繁亦不凡H:好帅啊 李舒白	赞[0]	2020-07-16 22:03:03	来自iPhone客户端
教父娱乐	:#吴亦凡发长文# #青簪行杀青#恭喜吴亦凡《青簪行》杀青！进组七个多月，横跨三个季节拍摄终于杀青了！期待吴亦凡演绎的睽王李舒白#吴亦凡青簪行# @Mr_凡先生 	2020-07-16 21:41:55    	JULY的贰叁事	6409064138	JULY的贰叁事:#吴亦凡李舒白# 	赞[0]	2020-07-16 22:03:01	来自小米6X 拍人更美
教父娱乐	:#吴亦凡发长文# #青簪行杀青#恭喜吴亦凡《青簪行》杀青！进组七个多月，横跨三个季节拍摄终于杀青了！期待吴亦凡演绎的睽王李舒白#吴亦凡青簪行# @Mr_凡先生 	2020-07-16 21:41:55    	Galaxy_kwfan	5982568971	Galaxy_kwfan:“世有舒白，方不寂寞”一袭青色断乾坤，一骑铁马固江山，文可安邦，武可定国，翻手为云覆手为雨，山河长兴万古存！睽王李舒白@Mr_凡先生 ，你好呀！ 	赞[0]	2020-07-16 22:03:01	来自HUAWEI nova 3i
教父娱乐	:#吴亦凡发长文# #青簪行杀青#恭喜吴亦凡《青簪行》杀青！进组七个多月，横跨三个季节拍摄终于杀青了！期待吴亦凡演绎的睽王李舒白#吴亦凡青簪行# @Mr_凡先生 	2020-07-16 21:41:55    	小年糕精-	6410358702	小年糕精-://@豆沙BBQ:辛苦拍摄 期待演员吴亦凡作品 #吴亦凡李舒白#	赞[0]	2020-07-16 22:03:00	来自iPhone客户端
教父娱乐	:#吴亦凡发长文# #青簪行杀青#恭喜吴亦凡《青簪行》杀青！进组七个多月，横跨三个季节拍摄终于杀青了！期待吴亦凡演绎的睽王李舒白#吴亦凡青簪行# @Mr_凡先生 	2020-07-16 21:41:55    	花生小松许	5940955667	花生小松许://@豆沙BBQ:辛苦拍摄 期待演员吴亦凡作品 #吴亦凡李舒白#	赞[0]	2020-07-16 22:02:56	来自Android
教父娱乐	:#吴亦凡发长文# #青簪行杀青#恭喜吴亦凡《青簪行》杀青！进组七个多月，横跨三个季节拍摄终于杀青了！期待吴亦凡演绎的睽王李舒白#吴亦凡青簪行# @Mr_凡先生 	2020-07-16 21:41:55    	-憶沫-Ci	xiao0305y	-憶沫-Ci:转发微博	赞[0]	2020-07-16 22:04:07	来自iPhone客户端
教父娱乐	:#吴亦凡发长文# #青簪行杀青#恭喜吴亦凡《青簪行》杀青！进组七个多月，横跨三个季节拍摄终于杀青了！期待吴亦凡演绎的睽王李舒白#吴亦凡青簪行# @Mr_凡先生 	2020-07-16 21:41:55    	李嘉恒的腿毛	3340675952	李嘉恒的腿毛://@豆沙BBQ:辛苦拍摄 期待演员吴亦凡作品 #吴亦凡李舒白#	赞[0]	2020-07-16 22:03:47	来自vivo智能手机
教父娱乐	:#吴亦凡发长文# #青簪行杀青#恭喜吴亦凡《青簪行》杀青！进组七个多月，横跨三个季节拍摄终于杀青了！期待吴亦凡演绎的睽王李舒白#吴亦凡青簪行# @Mr_凡先生 	2020-07-16 21:41:55    	慕斯奇遇	6319616868	慕斯奇遇:转发微博	赞[0]	2020-07-16 22:05:53	来自小米8青春版 潮流旗舰
教父娱乐	:#吴亦凡发长文# #青簪行杀青#恭喜吴亦凡《青簪行》杀青！进组七个多月，横跨三个季节拍摄终于杀青了！期待吴亦凡演绎的睽王李舒白#吴亦凡青簪行# @Mr_凡先生 	2020-07-16 21:41:55    	网上神经多	2890865924	网上神经多://@豆沙BBQ:辛苦拍摄 期待演员吴亦凡作品 #吴亦凡李舒白#	赞[0]	2020-07-16 22:05:43	来自小米5X 拍人更美
教父娱乐	:#吴亦凡发长文# #青簪行杀青#恭喜吴亦凡《青簪行》杀青！进组七个多月，横跨三个季节拍摄终于杀青了！期待吴亦凡演绎的睽王李舒白#吴亦凡青簪行# @Mr_凡先生 	2020-07-16 21:41:55    	揉碎的温柔丶	3164128973	揉碎的温柔丶:转发微博	赞[0]	2020-07-16 22:05:41	来自HUAWEI Mate30 Pro 5G
教父娱乐	:#吴亦凡发长文# #青簪行杀青#恭喜吴亦凡《青簪行》杀青！进组七个多月，横跨三个季节拍摄终于杀青了！期待吴亦凡演绎的睽王李舒白#吴亦凡青簪行# @Mr_凡先生 	2020-07-16 21:41:55    	Yolanda_xixi	yolandaxixi	Yolanda_xixi:所有造型都好喜欢！//@闭嘴惊艳的kendall:感谢吴亦凡#吴亦凡李舒白#	赞[0]	2020-07-16 22:05:39	来自HUAWEI Mate 30
教父娱乐	:#吴亦凡发长文# #青簪行杀青#恭喜吴亦凡《青簪行》杀青！进组七个多月，横跨三个季节拍摄终于杀青了！期待吴亦凡演绎的睽王李舒白#吴亦凡青簪行# @Mr_凡先生 	2020-07-16 21:41:55    	人生苦短-但是甜长	5548675571	人生苦短-但是甜长:期待李舒白	赞[0]	2020-07-16 22:05:34	来自iPhone 11
教父娱乐	:#吴亦凡发长文# #青簪行杀青#恭喜吴亦凡《青簪行》杀青！进组七个多月，横跨三个季节拍摄终于杀青了！期待吴亦凡演绎的睽王李舒白#吴亦凡青簪行# @Mr_凡先生 	2020-07-16 21:41:55    	凡凡不凡100	7287935257	凡凡不凡100:期待暌王李舒白@Mr_凡先生	赞[0]	2020-07-16 22:05:33	来自iPhone客户端
教父娱乐	:#吴亦凡发长文# #青簪行杀青#恭喜吴亦凡《青簪行》杀青！进组七个多月，横跨三个季节拍摄终于杀青了！期待吴亦凡演绎的睽王李舒白#吴亦凡青簪行# @Mr_凡先生 	2020-07-16 21:41:55    	昵称被占没有昵称	5263404368	昵称被占没有昵称:#吴亦凡李舒白#	赞[0]	2020-07-16 22:05:19	来自小米6X 拍人更美
教父娱乐	:#吴亦凡发长文# #青簪行杀青#恭喜吴亦凡《青簪行》杀青！进组七个多月，横跨三个季节拍摄终于杀青了！期待吴亦凡演绎的睽王李舒白#吴亦凡青簪行# @Mr_凡先生 	2020-07-16 21:41:55    	丸丸的点歪了	1016828553	丸丸的点歪了://@豆沙BBQ:辛苦拍摄 期待演员吴亦凡作品 #吴亦凡李舒白#	赞[0]	2020-07-16 22:05:06	来自Android
教父娱乐	:#吴亦凡发长文# #青簪行杀青#恭喜吴亦凡《青簪行》杀青！进组七个多月，横跨三个季节拍摄终于杀青了！期待吴亦凡演绎的睽王李舒白#吴亦凡青簪行# @Mr_凡先生 	2020-07-16 21:41:55    	lighter79184	6429602935	lighter79184:期待吴亦凡李舒白。致谢剧组导演编剧等幕后工作人员。	赞[0]	2020-07-16 22:07:23	来自iPad Pro
教父娱乐	:#吴亦凡发长文# #青簪行杀青#恭喜吴亦凡《青簪行》杀青！进组七个多月，横跨三个季节拍摄终于杀青了！期待吴亦凡演绎的睽王李舒白#吴亦凡青簪行# @Mr_凡先生 	2020-07-16 21:41:55    	Ericn_DY	6588169020	Ericn_DY:期待	赞[0]	2020-07-16 22:07:17	来自前置双摄vivo X9s
教父娱乐	:#吴亦凡发长文# #青簪行杀青#恭喜吴亦凡《青簪行》杀青！进组七个多月，横跨三个季节拍摄终于杀青了！期待吴亦凡演绎的睽王李舒白#吴亦凡青簪行# @Mr_凡先生 	2020-07-16 21:41:55    	银河小电扇	6393866407	银河小电扇://@豆沙BBQ:辛苦拍摄 期待演员吴亦凡作品 #吴亦凡李舒白#	赞[0]	2020-07-16 22:06:32	来自小米CC9
教父娱乐	:#吴亦凡发长文# #青簪行杀青#恭喜吴亦凡《青簪行》杀青！进组七个多月，横跨三个季节拍摄终于杀青了！期待吴亦凡演绎的睽王李舒白#吴亦凡青簪行# @Mr_凡先生 	2020-07-16 21:41:55    	亦颗煎蛋	6227648352	亦颗煎蛋://@豆沙BBQ:辛苦拍摄 期待演员吴亦凡作品 #吴亦凡李舒白#	赞[0]	2020-07-16 22:06:23	来自微博国际版
教父娱乐	:#吴亦凡发长文# #青簪行杀青#恭喜吴亦凡《青簪行》杀青！进组七个多月，横跨三个季节拍摄终于杀青了！期待吴亦凡演绎的睽王李舒白#吴亦凡青簪行# @Mr_凡先生 	2020-07-16 21:41:55    	让我陪你玩游戏li	5993010286	让我陪你玩游戏li://@豆沙BBQ:辛苦拍摄 期待演员吴亦凡作品 #吴亦凡李舒白#	赞[0]	2020-07-16 22:09:01	来自iPhone客户端
教父娱乐	:#吴亦凡发长文# #青簪行杀青#恭喜吴亦凡《青簪行》杀青！进组七个多月，横跨三个季节拍摄终于杀青了！期待吴亦凡演绎的睽王李舒白#吴亦凡青簪行# @Mr_凡先生 	2020-07-16 21:41:55    	来自1990星球	3224495237	来自1990星球:期待吴亦凡@Mr_凡先生  期待李舒白	赞[0]	2020-07-16 22:08:21	来自iPhone客户端
教父娱乐	:#吴亦凡发长文# #青簪行杀青#恭喜吴亦凡《青簪行》杀青！进组七个多月，横跨三个季节拍摄终于杀青了！期待吴亦凡演绎的睽王李舒白#吴亦凡青簪行# @Mr_凡先生 	2020-07-16 21:41:55    	Chloe_范范范	5351818434	Chloe_范范范:期待凡凡，期待李舒白//@静子要吃肉肉Eternity:期待吴亦凡李舒白。致谢剧组导演编剧等幕后工作人员。#青簪行杀青#	赞[1]	2020-07-16 22:08:04	来自HUAWEI nova 2 Plus
教父娱乐	:#吴亦凡发长文# #青簪行杀青#恭喜吴亦凡《青簪行》杀青！进组七个多月，横跨三个季节拍摄终于杀青了！期待吴亦凡演绎的睽王李舒白#吴亦凡青簪行# @Mr_凡先生 	2020-07-16 21:41:55    	Mr_不爱吃香菜鱼	6880765761	Mr_不爱吃香菜鱼:世有舒白，方不寂寞。文能提笔安天下，武能挥剑斩乾坤，尊贵已极，繁华顶端，王爷秉轴持钧，是枢纽也是升华。恭迎暌王殿下，期待青簪行一番男主李舒白@Mr_凡先生 	赞[1]	2020-07-16 22:07:58	来自iPhone客户端
教父娱乐	:#吴亦凡发长文# #青簪行杀青#恭喜吴亦凡《青簪行》杀青！进组七个多月，横跨三个季节拍摄终于杀青了！期待吴亦凡演绎的睽王李舒白#吴亦凡青簪行# @Mr_凡先生 	2020-07-16 21:41:55    	凡凡的宝贝宽面	6583339521	凡凡的宝贝宽面:#吴亦凡青簪行#“世有舒白，方不寂寞” 一袭青色断乾坤，一骑铁马固江山，文可安邦，武可定国，翻手为云覆手为雨，山河长兴万古存！暌王李舒白@Mr_凡先生 ，你好呀！ 	赞[0]	2020-07-16 22:07:42	来自荣耀8X
教父娱乐	:#吴亦凡发长文# #青簪行杀青#恭喜吴亦凡《青簪行》杀青！进组七个多月，横跨三个季节拍摄终于杀青了！期待吴亦凡演绎的睽王李舒白#吴亦凡青簪行# @Mr_凡先生 	2020-07-16 21:41:55    	向日葵向光而生	5668288638	向日葵向光而生://@豆沙BBQ:辛苦拍摄 期待演员吴亦凡作品 #吴亦凡李舒白#	赞[0]	2020-07-16 22:10:08	来自nova5Pro人像超级夜景
教父娱乐	:#吴亦凡发长文# #青簪行杀青#恭喜吴亦凡《青簪行》杀青！进组七个多月，横跨三个季节拍摄终于杀青了！期待吴亦凡演绎的睽王李舒白#吴亦凡青簪行# @Mr_凡先生 	2020-07-16 21:41:55    	不想学习啊啊啊啊啊啊啊	2614507983	不想学习啊啊啊啊啊啊啊:恭喜吴亦凡杀青#吴亦凡李舒白#	赞[0]	2020-07-16 22:10:06	来自小米6X 拍人更美
教父娱乐	:#吴亦凡发长文# #青簪行杀青#恭喜吴亦凡《青簪行》杀青！进组七个多月，横跨三个季节拍摄终于杀青了！期待吴亦凡演绎的睽王李舒白#吴亦凡青簪行# @Mr_凡先生 	2020-07-16 21:41:55    	牛奶凡凡	3753797821	牛奶凡凡://@豆沙BBQ:辛苦拍摄 期待演员吴亦凡作品 #吴亦凡李舒白#	赞[0]	2020-07-16 22:10:00	来自华为手机 畅享玩不停
教父娱乐	:#吴亦凡发长文# #青簪行杀青#恭喜吴亦凡《青簪行》杀青！进组七个多月，横跨三个季节拍摄终于杀青了！期待吴亦凡演绎的睽王李舒白#吴亦凡青簪行# @Mr_凡先生 	2020-07-16 21:41:55    	凡凡不凡100	7287935257	凡凡不凡100:期待暌王李舒白@Mr_凡先生	赞[0]	2020-07-16 22:09:57	来自iPhone客户端
教父娱乐	:#吴亦凡发长文# #青簪行杀青#恭喜吴亦凡《青簪行》杀青！进组七个多月，横跨三个季节拍摄终于杀青了！期待吴亦凡演绎的睽王李舒白#吴亦凡青簪行# @Mr_凡先生 	2020-07-16 21:41:55    	疾风的铁布衫	3977026129	疾风的铁布衫:期待期待	赞[0]	2020-07-16 22:09:34	来自iPhone客户端
教父娱乐	:#吴亦凡发长文# #青簪行杀青#恭喜吴亦凡《青簪行》杀青！进组七个多月，横跨三个季节拍摄终于杀青了！期待吴亦凡演绎的睽王李舒白#吴亦凡青簪行# @Mr_凡先生 	2020-07-16 21:41:55    	YI肉	5730384325	YI肉:王爷好//@-是你的苏小咩-:期待演员@Mr_凡先生 ，恭候李舒白	赞[0]	2020-07-16 22:09:30	来自魅族 16 旗舰手机
教父娱乐	:#吴亦凡发长文# #青簪行杀青#恭喜吴亦凡《青簪行》杀青！进组七个多月，横跨三个季节拍摄终于杀青了！期待吴亦凡演绎的睽王李舒白#吴亦凡青簪行# @Mr_凡先生 	2020-07-16 21:41:55    	向日葵向光而生	5668288638	向日葵向光而生:转发微博	赞[0]	2020-07-16 22:13:24	来自nova5Pro人像超级夜景
教父娱乐	:#吴亦凡发长文# #青簪行杀青#恭喜吴亦凡《青簪行》杀青！进组七个多月，横跨三个季节拍摄终于杀青了！期待吴亦凡演绎的睽王李舒白#吴亦凡青簪行# @Mr_凡先生 	2020-07-16 21:41:55    	三文蟹_哈	sevenxie711	三文蟹_哈:每个造型都喜欢#吴亦凡李舒白#	赞[0]	2020-07-16 22:13:22	来自HUAWEI Mate 30 Pro
教父娱乐	:#吴亦凡发长文# #青簪行杀青#恭喜吴亦凡《青簪行》杀青！进组七个多月，横跨三个季节拍摄终于杀青了！期待吴亦凡演绎的睽王李舒白#吴亦凡青簪行# @Mr_凡先生 	2020-07-16 21:41:55    	我男神吴亦凡凡凡凡凡	5583559695	我男神吴亦凡凡凡凡凡:转发微博	赞[0]	2020-07-16 22:11:26	来自前后2000万 OPPO R11
教父娱乐	:#吴亦凡发长文# #青簪行杀青#恭喜吴亦凡《青簪行》杀青！进组七个多月，横跨三个季节拍摄终于杀青了！期待吴亦凡演绎的睽王李舒白#吴亦凡青簪行# @Mr_凡先生 	2020-07-16 21:41:55    	焦糖拿铁雪冰	3881480539	焦糖拿铁雪冰:#吴亦凡青簪行#  杀青大吉 期待李舒白，期待吴亦凡	赞[0]	2020-07-16 22:16:34	来自小米8 SE
教父娱乐	:#吴亦凡发长文# #青簪行杀青#恭喜吴亦凡《青簪行》杀青！进组七个多月，横跨三个季节拍摄终于杀青了！期待吴亦凡演绎的睽王李舒白#吴亦凡青簪行# @Mr_凡先生 	2020-07-16 21:41:55    	可爱土豆的娜娜子	3008632954	可爱土豆的娜娜子://@Yolanda_xixi:所有造型都好喜欢！//@闭嘴惊艳的kendall:感谢吴亦凡#吴亦凡李舒白#	赞[0]	2020-07-16 22:15:29	来自iPhone 7 Plus
教父娱乐	:#吴亦凡发长文# #青簪行杀青#恭喜吴亦凡《青簪行》杀青！进组七个多月，横跨三个季节拍摄终于杀青了！期待吴亦凡演绎的睽王李舒白#吴亦凡青簪行# @Mr_凡先生 	2020-07-16 21:41:55    	GW_TJ婷	5072397390	GW_TJ婷://@豆沙BBQ:辛苦拍摄 期待演员吴亦凡作品 #吴亦凡李舒白#	赞[0]	2020-07-16 22:21:11	来自OPPO A92s
教父娱乐	:#吴亦凡发长文# #青簪行杀青#恭喜吴亦凡《青簪行》杀青！进组七个多月，横跨三个季节拍摄终于杀青了！期待吴亦凡演绎的睽王李舒白#吴亦凡青簪行# @Mr_凡先生 	2020-07-16 21:41:55    	20XX_moon	5715082564	20XX_moon:转发微博	赞[0]	2020-07-16 22:20:25	来自OPPO超视野全面屏R15
教父娱乐	:#吴亦凡发长文# #青簪行杀青#恭喜吴亦凡《青簪行》杀青！进组七个多月，横跨三个季节拍摄终于杀青了！期待吴亦凡演绎的睽王李舒白#吴亦凡青簪行# @Mr_凡先生 	2020-07-16 21:41:55    	馒头jojo	5983434288	馒头jojo://@豆沙BBQ:辛苦拍摄 期待演员吴亦凡作品 #吴亦凡李舒白#	赞[0]	2020-07-16 22:19:57	来自iPhone 7 Plus
教父娱乐	:#吴亦凡发长文# #青簪行杀青#恭喜吴亦凡《青簪行》杀青！进组七个多月，横跨三个季节拍摄终于杀青了！期待吴亦凡演绎的睽王李舒白#吴亦凡青簪行# @Mr_凡先生 	2020-07-16 21:41:55    	糕瑰路人	5621021889	糕瑰路人:转发微博	赞[0]	2020-07-16 22:19:46	来自iPhone XS Max
教父娱乐	:#吴亦凡发长文# #青簪行杀青#恭喜吴亦凡《青簪行》杀青！进组七个多月，横跨三个季节拍摄终于杀青了！期待吴亦凡演绎的睽王李舒白#吴亦凡青簪行# @Mr_凡先生 	2020-07-16 21:41:55    	超爱吃甜食的糖	6285128790	超爱吃甜食的糖:#吴亦凡青簪行# #吴亦凡李舒白# 	赞[0]	2020-07-16 22:22:21	来自华为手机 畅享玩不停
教父娱乐	:#吴亦凡发长文# #青簪行杀青#恭喜吴亦凡《青簪行》杀青！进组七个多月，横跨三个季节拍摄终于杀青了！期待吴亦凡演绎的睽王李舒白#吴亦凡青簪行# @Mr_凡先生 	2020-07-16 21:41:55    	--凉月十一	5150790433	--凉月十一:#吴亦凡李舒白# //@天天被吴亦凡秒杀:#电视剧青簪行[超话]# #吴亦凡李舒白# 热门z z p	赞[0]	2020-07-16 22:22:17	来自iPhone客户端
教父娱乐	:#吴亦凡发长文# #青簪行杀青#恭喜吴亦凡《青簪行》杀青！进组七个多月，横跨三个季节拍摄终于杀青了！期待吴亦凡演绎的睽王李舒白#吴亦凡青簪行# @Mr_凡先生 	2020-07-16 21:41:55    	Galaxywut	3101351745	Galaxywut://@靓绝银河系 :雾散见「舒」云，星光映「白」月，红鱼惑人引谜案，玲珑巧思探人心，谎言说的再多也有被戳穿的时候，戏演的再像，也掩盖不了背后的肮脏，耐心等待只为揭开最终真相。睽家军前来报到，参见王爷@Mr_凡先生 	赞[0]	2020-07-16 22:22:12	来自微博国际版
教父娱乐	:#吴亦凡发长文# #青簪行杀青#恭喜吴亦凡《青簪行》杀青！进组七个多月，横跨三个季节拍摄终于杀青了！期待吴亦凡演绎的睽王李舒白#吴亦凡青簪行# @Mr_凡先生 	2020-07-16 21:41:55    	南檐栀子	7310179226	南檐栀子:凡凡辛苦啦，期待李舒白	赞[0]	2020-07-16 22:22:55	来自荣耀20
教父娱乐	:#吴亦凡发长文# #青簪行杀青#恭喜吴亦凡《青簪行》杀青！进组七个多月，横跨三个季节拍摄终于杀青了！期待吴亦凡演绎的睽王李舒白#吴亦凡青簪行# @Mr_凡先生 	2020-07-16 21:41:55    	青青草原上自由的兔兔羊	3243032540	青青草原上自由的兔兔羊:#吴亦凡青簪行# #青簪行杀青# #吴亦凡李舒白# //@天天被吴亦凡秒杀:#电视剧青簪行[超话]# #吴亦凡李舒白# 热门z z p	赞[0]	2020-07-16 22:22:55	来自iPhone客户端
教父娱乐	:#吴亦凡发长文# #青簪行杀青#恭喜吴亦凡《青簪行》杀青！进组七个多月，横跨三个季节拍摄终于杀青了！期待吴亦凡演绎的睽王李舒白#吴亦凡青簪行# @Mr_凡先生 	2020-07-16 21:41:55    	特娘普你爹	6377277616	特娘普你爹:吴亦凡又一部作品	赞[0]	2020-07-16 22:22:49	来自小米5X 拍人更美
教父娱乐	:#吴亦凡发长文# #青簪行杀青#恭喜吴亦凡《青簪行》杀青！进组七个多月，横跨三个季节拍摄终于杀青了！期待吴亦凡演绎的睽王李舒白#吴亦凡青簪行# @Mr_凡先生 	2020-07-16 21:41:55    	四水匕	6265788321	四水匕:转发微博	赞[0]	2020-07-16 22:23:47	来自Redmi K30 全速热爱
教父娱乐	:#吴亦凡发长文# #青簪行杀青#恭喜吴亦凡《青簪行》杀青！进组七个多月，横跨三个季节拍摄终于杀青了！期待吴亦凡演绎的睽王李舒白#吴亦凡青簪行# @Mr_凡先生 	2020-07-16 21:41:55    	此乃无粉籍的高贵路人	5142714268	此乃无粉籍的高贵路人:#吴亦凡青簪行# #电视剧青簪行[超话]# 世有舒白，方不寂寞。文能提笔安天下，武能挥剑斩乾坤，尊贵已极，繁华顶端，王爷秉轴持钧，是枢纽也是升华。恭迎暌王殿下，期待青簪行一番男主李舒白	赞[2]	2020-07-16 22:23:23	来自iPhone客户端
教父娱乐	:#吴亦凡发长文# #青簪行杀青#恭喜吴亦凡《青簪行》杀青！进组七个多月，横跨三个季节拍摄终于杀青了！期待吴亦凡演绎的睽王李舒白#吴亦凡青簪行# @Mr_凡先生 	2020-07-16 21:41:55    	吴老板的纹身	5512778887	吴老板的纹身:舒白吴亦凡	赞[0]	2020-07-16 22:23:12	来自OPPO K3 硬核少年
教父娱乐	:#吴亦凡发长文# #青簪行杀青#恭喜吴亦凡《青簪行》杀青！进组七个多月，横跨三个季节拍摄终于杀青了！期待吴亦凡演绎的睽王李舒白#吴亦凡青簪行# @Mr_凡先生 	2020-07-16 21:41:55    	吴三岁呐呐	5253552475	吴三岁呐呐:期待吴亦凡#青簪行杀青# #吴亦凡李舒白#	赞[0]	2020-07-16 22:23:05	来自iPhone客户端
教父娱乐	:#吴亦凡发长文# #青簪行杀青#恭喜吴亦凡《青簪行》杀青！进组七个多月，横跨三个季节拍摄终于杀青了！期待吴亦凡演绎的睽王李舒白#吴亦凡青簪行# @Mr_凡先生 	2020-07-16 21:41:55    	夏目爱上进	5362789791	夏目爱上进://@肉肉ci肉肉:不争不抢却引来猜忌妒忌，心怀天下却遭受诅咒谩骂，如何解开一个个惊世之案？如何从鳏寡孤独废中抽身而出？敬请期待#吴亦凡青簪行# @Mr_凡先生	赞[0]	2020-07-16 22:24:51	来自iPhone客户端
教父娱乐	:#吴亦凡发长文# #青簪行杀青#恭喜吴亦凡《青簪行》杀青！进组七个多月，横跨三个季节拍摄终于杀青了！期待吴亦凡演绎的睽王李舒白#吴亦凡青簪行# @Mr_凡先生 	2020-07-16 21:41:55    	小和今天画画了吗	2774036467	小和今天画画了吗://@天天被吴亦凡秒杀:#电视剧青簪行[超话]# #吴亦凡李舒白# 热门z z p	赞[0]	2020-07-16 22:24:24	来自🐤🐤iPhone 11
教父娱乐	:#吴亦凡发长文# #青簪行杀青#恭喜吴亦凡《青簪行》杀青！进组七个多月，横跨三个季节拍摄终于杀青了！期待吴亦凡演绎的睽王李舒白#吴亦凡青簪行# @Mr_凡先生 	2020-07-16 21:41:55    	瓜虫睽体	6200088324	瓜虫睽体:小饭真的辛苦了。	赞[0]	2020-07-16 22:24:22	来自前后2000万 OPPO R11
教父娱乐	:#吴亦凡发长文# #青簪行杀青#恭喜吴亦凡《青簪行》杀青！进组七个多月，横跨三个季节拍摄终于杀青了！期待吴亦凡演绎的睽王李舒白#吴亦凡青簪行# @Mr_凡先生 	2020-07-16 21:41:55    	北光一帆	2269667293	北光一帆:李舒白	赞[0]	2020-07-16 22:24:21	来自Android
教父娱乐	:#吴亦凡发长文# #青簪行杀青#恭喜吴亦凡《青簪行》杀青！进组七个多月，横跨三个季节拍摄终于杀青了！期待吴亦凡演绎的睽王李舒白#吴亦凡青簪行# @Mr_凡先生 	2020-07-16 21:41:55    	CMC-南喃	5852679905	CMC-南喃:#青簪行杀青# 	赞[0]	2020-07-16 22:24:20	来自华为手机 畅享玩不停
教父娱乐	:#吴亦凡发长文# #青簪行杀青#恭喜吴亦凡《青簪行》杀青！进组七个多月，横跨三个季节拍摄终于杀青了！期待吴亦凡演绎的睽王李舒白#吴亦凡青簪行# @Mr_凡先生 	2020-07-16 21:41:55    	蛋蛋巫婆	1765198077	蛋蛋巫婆:转发微博	赞[0]	2020-07-16 22:24:13	来自
教父娱乐	:#吴亦凡发长文# #青簪行杀青#恭喜吴亦凡《青簪行》杀青！进组七个多月，横跨三个季节拍摄终于杀青了！期待吴亦凡演绎的睽王李舒白#吴亦凡青簪行# @Mr_凡先生 	2020-07-16 21:41:55    	遥远的星河Y	5856608098	遥远的星河Y:#吴亦凡青簪行# #吴亦凡李舒白#  期待吴亦凡！	赞[0]	2020-07-16 22:23:51	来自Redmi 7
教父娱乐	:#吴亦凡发长文# #青簪行杀青#恭喜吴亦凡《青簪行》杀青！进组七个多月，横跨三个季节拍摄终于杀青了！期待吴亦凡演绎的睽王李舒白#吴亦凡青簪行# @Mr_凡先生 	2020-07-16 21:41:55    	S000000X	3605102934	S000000X:#吴亦凡李舒白# //@天天被吴亦凡秒杀:#电视剧青簪行[超话]# #吴亦凡李舒白# 热门z z p	赞[0]	2020-07-16 22:25:29	来自iPhone客户端
教父娱乐	:#吴亦凡发长文# #青簪行杀青#恭喜吴亦凡《青簪行》杀青！进组七个多月，横跨三个季节拍摄终于杀青了！期待吴亦凡演绎的睽王李舒白#吴亦凡青簪行# @Mr_凡先生 	2020-07-16 21:41:55    	还没想好要取什么·	5037247989	还没想好要取什么·:转发微博	赞[0]	2020-07-16 22:26:49	来自
教父娱乐	:#吴亦凡发长文# #青簪行杀青#恭喜吴亦凡《青簪行》杀青！进组七个多月，横跨三个季节拍摄终于杀青了！期待吴亦凡演绎的睽王李舒白#吴亦凡青簪行# @Mr_凡先生 	2020-07-16 21:41:55    	KWEnterTheVoid	6605400295	KWEnterTheVoid:吴亦凡杀青快乐@Mr_凡先生 	赞[0]	2020-07-16 22:26:43	来自iPhone客户端
教父娱乐	:#吴亦凡发长文# #青簪行杀青#恭喜吴亦凡《青簪行》杀青！进组七个多月，横跨三个季节拍摄终于杀青了！期待吴亦凡演绎的睽王李舒白#吴亦凡青簪行# @Mr_凡先生 	2020-07-16 21:41:55    	KWEnterTheVoid	6605400295	KWEnterTheVoid:@Mr_凡先生 期待吴亦凡	赞[0]	2020-07-16 22:26:32	来自iPhone客户端
教父娱乐	:#吴亦凡发长文# #青簪行杀青#恭喜吴亦凡《青簪行》杀青！进组七个多月，横跨三个季节拍摄终于杀青了！期待吴亦凡演绎的睽王李舒白#吴亦凡青簪行# @Mr_凡先生 	2020-07-16 21:41:55    	沿海公路的出口_cici	6715731911	沿海公路的出口_cici://@豆沙BBQ:辛苦拍摄 期待演员吴亦凡作品 #吴亦凡李舒白#	赞[0]	2020-07-16 22:27:32	来自小米6X 拍人更美
教父娱乐	:#吴亦凡发长文# #青簪行杀青#恭喜吴亦凡《青簪行》杀青！进组七个多月，横跨三个季节拍摄终于杀青了！期待吴亦凡演绎的睽王李舒白#吴亦凡青簪行# @Mr_凡先生 	2020-07-16 21:41:55    	Kiiii0	6782738199	Kiiii0:#吴亦凡李舒白# 	赞[0]	2020-07-16 22:27:00	来自iPhone客户端
教父娱乐	:#吴亦凡发长文# #青簪行杀青#恭喜吴亦凡《青簪行》杀青！进组七个多月，横跨三个季节拍摄终于杀青了！期待吴亦凡演绎的睽王李舒白#吴亦凡青簪行# @Mr_凡先生 	2020-07-16 21:41:55    	物化欣欣木向荣	7378207907	物化欣欣木向荣:#吴亦凡李舒白# 扑朔迷离的恩怨情仇，不可窥知的命运羁绊，看尽天下江湖风起云涌，一切尽在掌握之中。期待吴亦凡，期待李舒白@Mr_凡先生	赞[0]	2020-07-16 22:26:57	来自OPPO A91
教父娱乐	:#吴亦凡发长文# #青簪行杀青#恭喜吴亦凡《青簪行》杀青！进组七个多月，横跨三个季节拍摄终于杀青了！期待吴亦凡演绎的睽王李舒白#吴亦凡青簪行# @Mr_凡先生 	2020-07-16 21:41:55    	是阿恒ya_	3929599444	是阿恒ya_:转发微博	赞[0]	2020-07-16 22:29:29	来自iPhone X
教父娱乐	:#吴亦凡发长文# #青簪行杀青#恭喜吴亦凡《青簪行》杀青！进组七个多月，横跨三个季节拍摄终于杀青了！期待吴亦凡演绎的睽王李舒白#吴亦凡青簪行# @Mr_凡先生 	2020-07-16 21:41:55    	小家伙看镜头	6662999276	小家伙看镜头://@天天被吴亦凡秒杀:#电视剧青簪行[超话]# #吴亦凡李舒白# 热门z z p	赞[0]	2020-07-16 22:29:17	来自iPhone客户端
教父娱乐	:#吴亦凡发长文# #青簪行杀青#恭喜吴亦凡《青簪行》杀青！进组七个多月，横跨三个季节拍摄终于杀青了！期待吴亦凡演绎的睽王李舒白#吴亦凡青簪行# @Mr_凡先生 	2020-07-16 21:41:55    	吴三岁呐呐	5253552475	吴三岁呐呐:#青簪行杀青# #吴亦凡李舒白#	赞[0]	2020-07-16 22:29:10	来自iPhone客户端
教父娱乐	:#吴亦凡发长文# #青簪行杀青#恭喜吴亦凡《青簪行》杀青！进组七个多月，横跨三个季节拍摄终于杀青了！期待吴亦凡演绎的睽王李舒白#吴亦凡青簪行# @Mr_凡先生 	2020-07-16 21:41:55    	万事皆可期待_	7367017057	万事皆可期待_:	赞[0]	2020-07-16 22:29:09	来自OPPO超视野全面屏R15
教父娱乐	:#吴亦凡发长文# #青簪行杀青#恭喜吴亦凡《青簪行》杀青！进组七个多月，横跨三个季节拍摄终于杀青了！期待吴亦凡演绎的睽王李舒白#吴亦凡青簪行# @Mr_凡先生 	2020-07-16 21:41:55    	Sommersfluss	2483449161	Sommersfluss://@天天被吴亦凡秒杀:#电视剧青簪行[超话]# #吴亦凡李舒白# 热门z z p	赞[0]	2020-07-16 22:28:48	来自HUAWEI P20 Pro
教父娱乐	:#吴亦凡发长文# #青簪行杀青#恭喜吴亦凡《青簪行》杀青！进组七个多月，横跨三个季节拍摄终于杀青了！期待吴亦凡演绎的睽王李舒白#吴亦凡青簪行# @Mr_凡先生 	2020-07-16 21:41:55    	讲什么都没人听	6182426356	讲什么都没人听:转发微博	赞[0]	2020-07-16 22:31:50	来自Android
教父娱乐	:#吴亦凡发长文# #青簪行杀青#恭喜吴亦凡《青簪行》杀青！进组七个多月，横跨三个季节拍摄终于杀青了！期待吴亦凡演绎的睽王李舒白#吴亦凡青簪行# @Mr_凡先生 	2020-07-16 21:41:55    	KRIS缇娜tina	5518284049	KRIS缇娜tina://@豆沙BBQ:辛苦拍摄 期待演员吴亦凡作品 #吴亦凡李舒白#	赞[0]	2020-07-16 22:31:40	来自Redmi K20 Pro 尊享版
教父娱乐	:#吴亦凡发长文# #青簪行杀青#恭喜吴亦凡《青簪行》杀青！进组七个多月，横跨三个季节拍摄终于杀青了！期待吴亦凡演绎的睽王李舒白#吴亦凡青簪行# @Mr_凡先生 	2020-07-16 21:41:55    	祎首歌	1590554052	祎首歌://@天天被吴亦凡秒杀:#电视剧青簪行[超话]# #吴亦凡李舒白# 热门z z p	赞[0]	2020-07-16 22:31:18	来自iPhone 6s Plus
教父娱乐	:#吴亦凡发长文# #青簪行杀青#恭喜吴亦凡《青簪行》杀青！进组七个多月，横跨三个季节拍摄终于杀青了！期待吴亦凡演绎的睽王李舒白#吴亦凡青簪行# @Mr_凡先生 	2020-07-16 21:41:55    	亦生只爱啵与凡	6771445739	亦生只爱啵与凡:期待吴亦凡演绎的李舒白@Mr_凡先生	赞[0]	2020-07-16 22:31:14	来自Redmi 10X 4G版
教父娱乐	:#吴亦凡发长文# #青簪行杀青#恭喜吴亦凡《青簪行》杀青！进组七个多月，横跨三个季节拍摄终于杀青了！期待吴亦凡演绎的睽王李舒白#吴亦凡青簪行# @Mr_凡先生 	2020-07-16 21:41:55    	棒棒的小猫	6023564476	棒棒的小猫:#吴亦凡李舒白# 	赞[0]	2020-07-16 22:31:07	来自Android
教父娱乐	:#吴亦凡发长文# #青簪行杀青#恭喜吴亦凡《青簪行》杀青！进组七个多月，横跨三个季节拍摄终于杀青了！期待吴亦凡演绎的睽王李舒白#吴亦凡青簪行# @Mr_凡先生 	2020-07-16 21:41:55    	魔卡少女樱木之本樱	6039791113	魔卡少女樱木之本樱:转发微博	赞[0]	2020-07-16 22:30:51	来自小米6X 拍人更美
教父娱乐	:#吴亦凡发长文# #青簪行杀青#恭喜吴亦凡《青簪行》杀青！进组七个多月，横跨三个季节拍摄终于杀青了！期待吴亦凡演绎的睽王李舒白#吴亦凡青簪行# @Mr_凡先生 	2020-07-16 21:41:55    	小奶狗就是我的	2845303601	小奶狗就是我的:转发微博	赞[0]	2020-07-16 22:32:40	来自iPhone客户端
教父娱乐	:#吴亦凡发长文# #青簪行杀青#恭喜吴亦凡《青簪行》杀青！进组七个多月，横跨三个季节拍摄终于杀青了！期待吴亦凡演绎的睽王李舒白#吴亦凡青簪行# @Mr_凡先生 	2020-07-16 21:41:55    	未来拖延症治愈者	2396774321	未来拖延症治愈者://@豆沙BBQ:辛苦拍摄 期待演员吴亦凡作品 #吴亦凡李舒白#	赞[0]	2020-07-16 22:32:33	来自iPhone客户端
教父娱乐	:#吴亦凡发长文# #青簪行杀青#恭喜吴亦凡《青簪行》杀青！进组七个多月，横跨三个季节拍摄终于杀青了！期待吴亦凡演绎的睽王李舒白#吴亦凡青簪行# @Mr_凡先生 	2020-07-16 21:41:55    	李嘉恒和李家树	2808644920	李嘉恒和李家树:#吴亦凡李舒白# #青簪行杀青# 我十分想见李舒白	赞[1]	2020-07-16 22:32:09	来自小米8周年旗舰手机
教父娱乐	:#吴亦凡发长文# #青簪行杀青#恭喜吴亦凡《青簪行》杀青！进组七个多月，横跨三个季节拍摄终于杀青了！期待吴亦凡演绎的睽王李舒白#吴亦凡青簪行# @Mr_凡先生 	2020-07-16 21:41:55    	当银河闪耀时	5891067043	当银河闪耀时:恭喜杀青🎉 雾散见「舒」云，星光映「白」月，红鱼惑人引谜案，玲珑巧思探人心，青簪官宣，暌王归来。谎言说的再多也有被戳穿的时候，戏演的再像，也掩盖不了背后的肮脏，耐心等待只为揭开最终真相。暌家军前来报到，参见王爷@Mr_凡先生	赞[0]	2020-07-16 22:34:16	来自iPhone客户端
教父娱乐	:#吴亦凡发长文# #青簪行杀青#恭喜吴亦凡《青簪行》杀青！进组七个多月，横跨三个季节拍摄终于杀青了！期待吴亦凡演绎的睽王李舒白#吴亦凡青簪行# @Mr_凡先生 	2020-07-16 21:41:55    	丧系少女一号	6810866340	丧系少女一号:转发微博	赞[0]	2020-07-16 22:33:42	来自vivo智能手机
教父娱乐	:#吴亦凡发长文# #青簪行杀青#恭喜吴亦凡《青簪行》杀青！进组七个多月，横跨三个季节拍摄终于杀青了！期待吴亦凡演绎的睽王李舒白#吴亦凡青簪行# @Mr_凡先生 	2020-07-16 21:41:55    	是牛奶仔啊	2074888313	是牛奶仔啊://@天天被吴亦凡秒杀:#电视剧青簪行[超话]# #吴亦凡李舒白# 热门z z p	赞[0]	2020-07-16 22:33:39	来自华为手机
教父娱乐	:#吴亦凡发长文# #青簪行杀青#恭喜吴亦凡《青簪行》杀青！进组七个多月，横跨三个季节拍摄终于杀青了！期待吴亦凡演绎的睽王李舒白#吴亦凡青簪行# @Mr_凡先生 	2020-07-16 21:41:55    	吴三岁呐呐	5253552475	吴三岁呐呐:期待吴亦凡#青簪行杀青# #吴亦凡李舒白#	赞[0]	2020-07-16 22:33:29	来自iPhone客户端
教父娱乐	:#吴亦凡发长文# #青簪行杀青#恭喜吴亦凡《青簪行》杀青！进组七个多月，横跨三个季节拍摄终于杀青了！期待吴亦凡演绎的睽王李舒白#吴亦凡青簪行# @Mr_凡先生 	2020-07-16 21:41:55    	皮皮恒2020	6366520828	皮皮恒2020:太可了	赞[0]	2020-07-16 22:33:17	来自iPhone客户端
教父娱乐	:#吴亦凡发长文# #青簪行杀青#恭喜吴亦凡《青簪行》杀青！进组七个多月，横跨三个季节拍摄终于杀青了！期待吴亦凡演绎的睽王李舒白#吴亦凡青簪行# @Mr_凡先生 	2020-07-16 21:41:55    	aka高贵小仪	6874143965	aka高贵小仪:他是大唐最后的破晓之光。十九之时率兵平庞勋之乱，一箭佞臣命入地，自此开启暌王之名盛扬大唐。文能安邦，武可定国。六部主心骨，长安最忙人。清姿傲骨不动声色，少女心怀梦中情人，他就是李舒白，北炎军神，大唐之光@Mr_凡先生//@豆沙BBQ:辛苦拍摄 期待演员吴亦凡作品 #吴亦凡李舒白# 	赞[0]	2020-07-16 22:36:14	来自iPhone客户端
教父娱乐	:#吴亦凡发长文# #青簪行杀青#恭喜吴亦凡《青簪行》杀青！进组七个多月，横跨三个季节拍摄终于杀青了！期待吴亦凡演绎的睽王李舒白#吴亦凡青簪行# @Mr_凡先生 	2020-07-16 21:41:55    	_AdFan_	lonelyss0624	_AdFan_:#电视剧青簪行[超话]# #吴亦凡李舒白# //@天天被吴亦凡秒杀:#电视剧青簪行[超话]# #吴亦凡李舒白# 热门z z p	赞[0]	2020-07-16 22:36:04	来自iPhone客户端
教父娱乐	:#吴亦凡发长文# #青簪行杀青#恭喜吴亦凡《青簪行》杀青！进组七个多月，横跨三个季节拍摄终于杀青了！期待吴亦凡演绎的睽王李舒白#吴亦凡青簪行# @Mr_凡先生 	2020-07-16 21:41:55    	樊樊凡凡20101111	5831644802	樊樊凡凡20101111://@Galaxy丫丫茹吖:#青簪行杀青# #吴亦凡青簪行# 恭喜杀青🎉 雾散见「舒」云，星光映「白」月，红鱼惑人引谜案，玲珑巧思探人心，青簪官宣，暌王归来。谎言说的再多也有被戳穿的时候，戏演的再像，也掩盖不了背后的肮脏，耐心等待只为揭开最终真相。暌家军前来报到，参见王爷@Mr_凡先生	赞[0]	2020-07-16 22:35:52	来自iPhone 6s Plus
教父娱乐	:#吴亦凡发长文# #青簪行杀青#恭喜吴亦凡《青簪行》杀青！进组七个多月，横跨三个季节拍摄终于杀青了！期待吴亦凡演绎的睽王李舒白#吴亦凡青簪行# @Mr_凡先生 	2020-07-16 21:41:55    	你说你狗不狗	5195983342	你说你狗不狗:恭喜杀青👏👏👏	赞[0]	2020-07-16 22:34:56	来自Android
教父娱乐	:#吴亦凡发长文# #青簪行杀青#恭喜吴亦凡《青簪行》杀青！进组七个多月，横跨三个季节拍摄终于杀青了！期待吴亦凡演绎的睽王李舒白#吴亦凡青簪行# @Mr_凡先生 	2020-07-16 21:41:55    	凡先生的帆小姐skr	7389613422	凡先生的帆小姐skr:转发微博	赞[0]	2020-07-16 22:34:33	来自HUAWEI Mate 20
教父娱乐	:#吴亦凡发长文# #青簪行杀青#恭喜吴亦凡《青簪行》杀青！进组七个多月，横跨三个季节拍摄终于杀青了！期待吴亦凡演绎的睽王李舒白#吴亦凡青簪行# @Mr_凡先生 	2020-07-16 21:41:55    	慢慢懂_njzxwx	6858005115	慢慢懂_njzxwx:转发微博	赞[0]	2020-07-16 22:38:52	来自iPhone客户端
教父娱乐	:#吴亦凡发长文# #青簪行杀青#恭喜吴亦凡《青簪行》杀青！进组七个多月，横跨三个季节拍摄终于杀青了！期待吴亦凡演绎的睽王李舒白#吴亦凡青簪行# @Mr_凡先生 	2020-07-16 21:41:55    	贪一点天光	3823671602	贪一点天光://@Galaxy_Yifan仪凡: 他是大唐最后的破晓之光。十九之时率兵平庞勋之乱，一箭佞臣命入地，自此开启暌王之名盛扬大唐。文能安邦，武可定国。六部主心骨，长安最忙人。清姿傲骨不动声色，少女心怀梦中情人，他就是李舒白，北炎军神，大唐之光@Mr_凡先生//@豆沙BBQ:辛苦拍摄 期待演员吴亦凡作品	赞[0]	2020-07-16 22:38:18	来自微博 weibo.com
教父娱乐	:#吴亦凡发长文# #青簪行杀青#恭喜吴亦凡《青簪行》杀青！进组七个多月，横跨三个季节拍摄终于杀青了！期待吴亦凡演绎的睽王李舒白#吴亦凡青簪行# @Mr_凡先生 	2020-07-16 21:41:55    	我也曾想看见风	5763654386	我也曾想看见风:转发微博	赞[0]	2020-07-16 22:38:18	来自小米6 拍人更美
教父娱乐	:#吴亦凡发长文# #青簪行杀青#恭喜吴亦凡《青簪行》杀青！进组七个多月，横跨三个季节拍摄终于杀青了！期待吴亦凡演绎的睽王李舒白#吴亦凡青簪行# @Mr_凡先生 	2020-07-16 21:41:55    	贪一点天光	3823671602	贪一点天光://@豆沙BBQ: 辛苦拍摄 期待演员吴亦凡作品 #吴亦凡李舒白#	赞[0]	2020-07-16 22:37:50	来自微博 weibo.com
教父娱乐	:#吴亦凡发长文# #青簪行杀青#恭喜吴亦凡《青簪行》杀青！进组七个多月，横跨三个季节拍摄终于杀青了！期待吴亦凡演绎的睽王李舒白#吴亦凡青簪行# @Mr_凡先生 	2020-07-16 21:41:55    	雨后彩虹199104	6374490284	雨后彩虹199104://@豆沙BBQ: 辛苦拍摄 期待演员吴亦凡作品 #吴亦凡李舒白#	赞[0]	2020-07-16 22:40:23	来自360安全浏览器
教父娱乐	:#吴亦凡发长文# #青簪行杀青#恭喜吴亦凡《青簪行》杀青！进组七个多月，横跨三个季节拍摄终于杀青了！期待吴亦凡演绎的睽王李舒白#吴亦凡青簪行# @Mr_凡先生 	2020-07-16 21:41:55    	吳嘉茹微博	2355931902	吳嘉茹微博://@豆沙BBQ:辛苦拍摄 期待演员吴亦凡作品 #吴亦凡李舒白#	赞[0]	2020-07-16 22:40:07	来自iPad客户端
教父娱乐	:#吴亦凡发长文# #青簪行杀青#恭喜吴亦凡《青簪行》杀青！进组七个多月，横跨三个季节拍摄终于杀青了！期待吴亦凡演绎的睽王李舒白#吴亦凡青簪行# @Mr_凡先生 	2020-07-16 21:41:55    	雨后彩虹199104	6374490284	雨后彩虹199104:#吴亦凡青簪行# wyf #吴亦凡李舒白# 雾散见「舒」云，星光映「白」月，红鱼惑人引谜案，玲珑巧思探人心，谎言说的再多也有被戳穿的时候，戏演的再像，也掩盖不了背后的肮脏，耐心等待只为揭开最终真相。睽家军前来报到，参见王爷@Mr_凡先生	赞[0]	2020-07-16 22:40:02	来自微博 weibo.com
教父娱乐	:#吴亦凡发长文# #青簪行杀青#恭喜吴亦凡《青簪行》杀青！进组七个多月，横跨三个季节拍摄终于杀青了！期待吴亦凡演绎的睽王李舒白#吴亦凡青簪行# @Mr_凡先生 	2020-07-16 21:41:55    	Y-Bingg-Bang	6855548072	Y-Bingg-Bang:暌暌	赞[0]	2020-07-16 22:39:52	来自小米6X 拍人更美
教父娱乐	:#吴亦凡发长文# #青簪行杀青#恭喜吴亦凡《青簪行》杀青！进组七个多月，横跨三个季节拍摄终于杀青了！期待吴亦凡演绎的睽王李舒白#吴亦凡青簪行# @Mr_凡先生 	2020-07-16 21:41:55    	你也喜欢我吧·	6790556775	你也喜欢我吧·:辛苦工作人员  辛苦吴亦凡啦  杀青快乐	赞[0]	2020-07-16 22:39:35	来自iPhone客户端
教父娱乐	:#吴亦凡发长文# #青簪行杀青#恭喜吴亦凡《青簪行》杀青！进组七个多月，横跨三个季节拍摄终于杀青了！期待吴亦凡演绎的睽王李舒白#吴亦凡青簪行# @Mr_凡先生 	2020-07-16 21:41:55    	Ira_akee	5026554071	Ira_akee:恭喜！！期待李舒白嗷！	赞[0]	2020-07-16 22:39:20	来自iPhone客户端
教父娱乐	:#吴亦凡发长文# #青簪行杀青#恭喜吴亦凡《青簪行》杀青！进组七个多月，横跨三个季节拍摄终于杀青了！期待吴亦凡演绎的睽王李舒白#吴亦凡青簪行# @Mr_凡先生 	2020-07-16 21:41:55    	樊樊凡凡20101111	5831644802	樊樊凡凡20101111:转发微博	赞[0]	2020-07-16 22:41:18	来自iPhone 6s Plus
教父娱乐	:#吴亦凡发长文# #青簪行杀青#恭喜吴亦凡《青簪行》杀青！进组七个多月，横跨三个季节拍摄终于杀青了！期待吴亦凡演绎的睽王李舒白#吴亦凡青簪行# @Mr_凡先生 	2020-07-16 21:41:55    	就要吃红茶冰淇淋	6802530486	就要吃红茶冰淇淋:#青簪行杀青# 	赞[0]	2020-07-16 22:41:13	来自OPPO超视野全面屏R15
教父娱乐	:#吴亦凡发长文# #青簪行杀青#恭喜吴亦凡《青簪行》杀青！进组七个多月，横跨三个季节拍摄终于杀青了！期待吴亦凡演绎的睽王李舒白#吴亦凡青簪行# @Mr_凡先生 	2020-07-16 21:41:55    	-莫问前尘-	3984830077	-莫问前尘-:#青簪行杀青#	赞[0]	2020-07-16 22:41:00	来自iPhone客户端
教父娱乐	:#吴亦凡发长文# #青簪行杀青#恭喜吴亦凡《青簪行》杀青！进组七个多月，横跨三个季节拍摄终于杀青了！期待吴亦凡演绎的睽王李舒白#吴亦凡青簪行# @Mr_凡先生 	2020-07-16 21:41:55    	雨后彩虹199104	6374490284	雨后彩虹199104:#吴亦凡青簪行# wyf #吴亦凡李舒白# //@豆沙BBQ: 辛苦拍摄 期待演员吴亦凡作品 #吴亦凡李舒白#	赞[0]	2020-07-16 22:40:49	来自360安全浏览器
教父娱乐	:#吴亦凡发长文# #青簪行杀青#恭喜吴亦凡《青簪行》杀青！进组七个多月，横跨三个季节拍摄终于杀青了！期待吴亦凡演绎的睽王李舒白#吴亦凡青簪行# @Mr_凡先生 	2020-07-16 21:41:55    	mmullliaY	5122688346	mmullliaY://@豆沙BBQ:辛苦拍摄 期待演员吴亦凡作品 #吴亦凡李舒白#	赞[0]	2020-07-16 22:40:47	来自iPhone客户端
教父娱乐	:#吴亦凡发长文# #青簪行杀青#恭喜吴亦凡《青簪行》杀青！进组七个多月，横跨三个季节拍摄终于杀青了！期待吴亦凡演绎的睽王李舒白#吴亦凡青簪行# @Mr_凡先生 	2020-07-16 21:41:55    	凤爪蛋黄酥	5548205959	凤爪蛋黄酥:转发微博	赞[0]	2020-07-16 22:40:35	来自nova5Pro人像超级夜景
教父娱乐	:#吴亦凡发长文# #青簪行杀青#恭喜吴亦凡《青簪行》杀青！进组七个多月，横跨三个季节拍摄终于杀青了！期待吴亦凡演绎的睽王李舒白#吴亦凡青簪行# @Mr_凡先生 	2020-07-16 21:41:55    	雾扰梦河清	6577234728	雾扰梦河清://@豆沙BBQ:辛苦拍摄 期待演员吴亦凡作品 #吴亦凡李舒白#	赞[0]	2020-07-16 22:40:33	来自HUAWEI Mate 9 Pro
教父娱乐	:#吴亦凡发长文# #青簪行杀青#恭喜吴亦凡《青簪行》杀青！进组七个多月，横跨三个季节拍摄终于杀青了！期待吴亦凡演绎的睽王李舒白#吴亦凡青簪行# @Mr_凡先生 	2020-07-16 21:41:55    	银银银xi	3261295891	银银银xi:转发微博	赞[0]	2020-07-16 22:41:37	来自iPhone 6
教父娱乐	:#吴亦凡发长文# #青簪行杀青#恭喜吴亦凡《青簪行》杀青！进组七个多月，横跨三个季节拍摄终于杀青了！期待吴亦凡演绎的睽王李舒白#吴亦凡青簪行# @Mr_凡先生 	2020-07-16 21:41:55    	姐妹儿不想陪跑	5729850436	姐妹儿不想陪跑:转发微博	赞[0]	2020-07-16 22:41:29	来自OPPO A7x
教父娱乐	:#吴亦凡发长文# #青簪行杀青#恭喜吴亦凡《青簪行》杀青！进组七个多月，横跨三个季节拍摄终于杀青了！期待吴亦凡演绎的睽王李舒白#吴亦凡青簪行# @Mr_凡先生 	2020-07-16 21:41:55    	安塔尔的具熙秀i	5806475032	安塔尔的具熙秀i:#青簪行杀青# 扑朔迷离的恩怨情仇，不可窥知的命运羁绊，看尽天下江湖风起云涌，一切尽在掌握之中。期待吴亦凡，期待李舒白@Mr_凡先生	赞[1]	2020-07-16 22:42:21	来自OPPO A7
教父娱乐	:#吴亦凡发长文# #青簪行杀青#恭喜吴亦凡《青簪行》杀青！进组七个多月，横跨三个季节拍摄终于杀青了！期待吴亦凡演绎的睽王李舒白#吴亦凡青簪行# @Mr_凡先生 	2020-07-16 21:41:55    	猫無耳	3107410541	猫無耳:雾散见「舒」云，星光映「白」月，红鱼惑人引谜案，玲珑巧思探人心，谎言说的再多也有被戳穿的时候，戏演的再像，也掩盖不了背后的肮脏，耐心等待只为揭开最终真相。睽家军前来报到，参见王爷@Mr_凡先生	赞[0]	2020-07-16 22:42:18	来自iPhone客户端
教父娱乐	:#吴亦凡发长文# #青簪行杀青#恭喜吴亦凡《青簪行》杀青！进组七个多月，横跨三个季节拍摄终于杀青了！期待吴亦凡演绎的睽王李舒白#吴亦凡青簪行# @Mr_凡先生 	2020-07-16 21:41:55    	mr_雪儿Lavender	5806535577	mr_雪儿Lavender:期待！	赞[0]	2020-07-16 22:42:13	来自
教父娱乐	:#吴亦凡发长文# #青簪行杀青#恭喜吴亦凡《青簪行》杀青！进组七个多月，横跨三个季节拍摄终于杀青了！期待吴亦凡演绎的睽王李舒白#吴亦凡青簪行# @Mr_凡先生 	2020-07-16 21:41:55    	安塔尔的具熙秀i	5806475032	安塔尔的具熙秀i:#青簪行杀青# 雾散见「舒」云，星光映「白」月，红鱼惑人引谜案，玲珑巧思探人心，谎言说的再多也有被戳穿的时候，戏演的再像，也掩盖不了背后的肮脏，耐心等待只为揭开最终真相。睽家军前来报到，参见王爷@Mr_凡先生	赞[1]	2020-07-16 22:42:12	来自OPPO A7
教父娱乐	:#吴亦凡发长文# #青簪行杀青#恭喜吴亦凡《青簪行》杀青！进组七个多月，横跨三个季节拍摄终于杀青了！期待吴亦凡演绎的睽王李舒白#吴亦凡青簪行# @Mr_凡先生 	2020-07-16 21:41:55    	20XX-编内安塔尔警长	3246098471	20XX-编内安塔尔警长:#青簪行杀青# #吴亦凡李舒白# 	赞[0]	2020-07-16 22:42:10	来自微博国际版
教父娱乐	:#吴亦凡发长文# #青簪行杀青#恭喜吴亦凡《青簪行》杀青！进组七个多月，横跨三个季节拍摄终于杀青了！期待吴亦凡演绎的睽王李舒白#吴亦凡青簪行# @Mr_凡先生 	2020-07-16 21:41:55    	咫尺千言	1105064497	咫尺千言:妈呀！有胡子的王爷@索大门 @Mr_凡先生 	赞[0]	2020-07-16 22:42:53	来自小米9
教父娱乐	:#吴亦凡发长文# #青簪行杀青#恭喜吴亦凡《青簪行》杀青！进组七个多月，横跨三个季节拍摄终于杀青了！期待吴亦凡演绎的睽王李舒白#吴亦凡青簪行# @Mr_凡先生 	2020-07-16 21:41:55    	赤鱼非鱼	6431885721	赤鱼非鱼:期待播出	赞[0]	2020-07-16 22:42:49	来自iPhone客户端
教父娱乐	:#吴亦凡发长文# #青簪行杀青#恭喜吴亦凡《青簪行》杀青！进组七个多月，横跨三个季节拍摄终于杀青了！期待吴亦凡演绎的睽王李舒白#吴亦凡青簪行# @Mr_凡先生 	2020-07-16 21:41:55    	凡心LIKE	2431316442	凡心LIKE://@豆沙BBQ:辛苦拍摄 期待演员吴亦凡作品 #吴亦凡李舒白#	赞[0]	2020-07-16 22:42:43	来自
教父娱乐	:#吴亦凡发长文# #青簪行杀青#恭喜吴亦凡《青簪行》杀青！进组七个多月，横跨三个季节拍摄终于杀青了！期待吴亦凡演绎的睽王李舒白#吴亦凡青簪行# @Mr_凡先生 	2020-07-16 21:41:55    	魔卡少女樱木之本樱	6039791113	魔卡少女樱木之本樱:期待青簪行！期待吴亦凡！@Mr_凡先生	赞[0]	2020-07-16 22:42:40	来自小米6X 拍人更美
教父娱乐	:#吴亦凡发长文# #青簪行杀青#恭喜吴亦凡《青簪行》杀青！进组七个多月，横跨三个季节拍摄终于杀青了！期待吴亦凡演绎的睽王李舒白#吴亦凡青簪行# @Mr_凡先生 	2020-07-16 21:41:55    	和平精英颜颜子	5265244158	和平精英颜颜子://@豆沙BBQ:辛苦拍摄 期待演员吴亦凡作品 #吴亦凡李舒白# 	赞[0]	2020-07-16 22:42:35	来自iPhone X
教父娱乐	:#吴亦凡发长文# #青簪行杀青#恭喜吴亦凡《青簪行》杀青！进组七个多月，横跨三个季节拍摄终于杀青了！期待吴亦凡演绎的睽王李舒白#吴亦凡青簪行# @Mr_凡先生 	2020-07-16 21:41:55    	安塔尔的具熙秀i	5806475032	安塔尔的具熙秀i:#青簪行杀青#  恭喜杀青🎉 雾散见「舒」云，星光映「白」月，红鱼惑人引谜案，玲珑巧思探人心，青簪官宣，暌王归来。谎言说的再多也有被戳穿的时候，戏演的再像，也掩盖不了背后的肮脏，耐心等待只为揭开最终真相。暌家军前来报到，参见王爷@Mr_凡先生	赞[3]	2020-07-16 22:42:30	来自OPPO A7
教父娱乐	:#吴亦凡发长文# #青簪行杀青#恭喜吴亦凡《青簪行》杀青！进组七个多月，横跨三个季节拍摄终于杀青了！期待吴亦凡演绎的睽王李舒白#吴亦凡青簪行# @Mr_凡先生 	2020-07-16 21:41:55    	迁徙的鸟noname	3120010160	迁徙的鸟noname:转发微博	赞[0]	2020-07-16 22:42:27	来自iPhone 8 Plus
教父娱乐	:#吴亦凡发长文# #青簪行杀青#恭喜吴亦凡《青簪行》杀青！进组七个多月，横跨三个季节拍摄终于杀青了！期待吴亦凡演绎的睽王李舒白#吴亦凡青簪行# @Mr_凡先生 	2020-07-16 21:41:55    	自由飞翔的的小照	3244368750	自由飞翔的的小照:#青簪行杀青# 恭喜#吴亦凡# 杀青👏👏👏	赞[0]	2020-07-16 22:43:09	来自iPhone客户端
教父娱乐	:#吴亦凡发长文# #青簪行杀青#恭喜吴亦凡《青簪行》杀青！进组七个多月，横跨三个季节拍摄终于杀青了！期待吴亦凡演绎的睽王李舒白#吴亦凡青簪行# @Mr_凡先生 	2020-07-16 21:41:55    	亦凡亦人	5573637554	亦凡亦人:转发微博	赞[0]	2020-07-16 22:43:03	来自Android
教父娱乐	:#吴亦凡发长文# #青簪行杀青#恭喜吴亦凡《青簪行》杀青！进组七个多月，横跨三个季节拍摄终于杀青了！期待吴亦凡演绎的睽王李舒白#吴亦凡青簪行# @Mr_凡先生 	2020-07-16 21:41:55    	凡凡葡萄眼	7206934256	凡凡葡萄眼:#吴亦凡李舒白# 	赞[0]	2020-07-16 22:43:02	来自微博国际版
教父娱乐	:#吴亦凡发长文# #青簪行杀青#恭喜吴亦凡《青簪行》杀青！进组七个多月，横跨三个季节拍摄终于杀青了！期待吴亦凡演绎的睽王李舒白#吴亦凡青簪行# @Mr_凡先生 	2020-07-16 21:41:55    	精分二分之一	5136557621	精分二分之一:#青簪行杀青#	赞[0]	2020-07-16 22:43:03	来自OPPO Reno Z
教父娱乐	:#吴亦凡发长文# #青簪行杀青#恭喜吴亦凡《青簪行》杀青！进组七个多月，横跨三个季节拍摄终于杀青了！期待吴亦凡演绎的睽王李舒白#吴亦凡青簪行# @Mr_凡先生 	2020-07-16 21:41:55    	原味奶茶加微糖	hayleelee	原味奶茶加微糖://@豆沙BBQ:辛苦拍摄 期待演员吴亦凡作品 #吴亦凡李舒白#	赞[0]	2020-07-16 22:43:32	来自
教父娱乐	:#吴亦凡发长文# #青簪行杀青#恭喜吴亦凡《青簪行》杀青！进组七个多月，横跨三个季节拍摄终于杀青了！期待吴亦凡演绎的睽王李舒白#吴亦凡青簪行# @Mr_凡先生 	2020-07-16 21:41:55    	H我不在你的岛Y	5533879176	H我不在你的岛Y:转发微博	赞[0]	2020-07-16 22:43:30	来自华为畅享10 Plus
教父娱乐	:#吴亦凡发长文# #青簪行杀青#恭喜吴亦凡《青簪行》杀青！进组七个多月，横跨三个季节拍摄终于杀青了！期待吴亦凡演绎的睽王李舒白#吴亦凡青簪行# @Mr_凡先生 	2020-07-16 21:41:55    	吴老板的纹身	5512778887	吴老板的纹身:转发微博	赞[0]	2020-07-16 22:43:23	来自OPPO K3 硬核少年
教父娱乐	:#吴亦凡发长文# #青簪行杀青#恭喜吴亦凡《青簪行》杀青！进组七个多月，横跨三个季节拍摄终于杀青了！期待吴亦凡演绎的睽王李舒白#吴亦凡青簪行# @Mr_凡先生 	2020-07-16 21:41:55    	菠萝味的气泡水	5982643525	菠萝味的气泡水:吴亦凡李舒白！	赞[0]	2020-07-16 22:43:17	来自微博国际版
教父娱乐	:#吴亦凡发长文# #青簪行杀青#恭喜吴亦凡《青簪行》杀青！进组七个多月，横跨三个季节拍摄终于杀青了！期待吴亦凡演绎的睽王李舒白#吴亦凡青簪行# @Mr_凡先生 	2020-07-16 21:41:55    	wyxffyujrdd	5592043969	wyxffyujrdd:吴亦凡//@天天被吴亦凡秒杀:#吴亦凡李舒白# #电视剧青簪行[超话]# 精选热单人	赞[0]	2020-07-16 22:43:58	来自nova5i 2400万AI四摄
教父娱乐	:#吴亦凡发长文# #青簪行杀青#恭喜吴亦凡《青簪行》杀青！进组七个多月，横跨三个季节拍摄终于杀青了！期待吴亦凡演绎的睽王李舒白#吴亦凡青簪行# @Mr_凡先生 	2020-07-16 21:41:55    	我会永远记得你19901106	5849687949	我会永远记得你19901106:期待	赞[0]	2020-07-16 22:43:54	来自HUAWEI P20
教父娱乐	:#吴亦凡发长文# #青簪行杀青#恭喜吴亦凡《青簪行》杀青！进组七个多月，横跨三个季节拍摄终于杀青了！期待吴亦凡演绎的睽王李舒白#吴亦凡青簪行# @Mr_凡先生 	2020-07-16 21:41:55    	-誤入銀河-	5329512817	-誤入銀河-:转发微博	赞[0]	2020-07-16 22:43:53	来自iPhone客户端
教父娱乐	:#吴亦凡发长文# #青簪行杀青#恭喜吴亦凡《青簪行》杀青！进组七个多月，横跨三个季节拍摄终于杀青了！期待吴亦凡演绎的睽王李舒白#吴亦凡青簪行# @Mr_凡先生 	2020-07-16 21:41:55    	等闲_fan	5408002467	等闲_fan:吴亦凡//@天天被吴亦凡秒杀:#吴亦凡李舒白# #电视剧青簪行[超话]# 精选热单人	赞[0]	2020-07-16 22:43:51	来自iPad air
教父娱乐	:#吴亦凡发长文# #青簪行杀青#恭喜吴亦凡《青簪行》杀青！进组七个多月，横跨三个季节拍摄终于杀青了！期待吴亦凡演绎的睽王李舒白#吴亦凡青簪行# @Mr_凡先生 	2020-07-16 21:41:55    	-叁玖宝贝-	5774977236	-叁玖宝贝-://@天天被吴亦凡秒杀:#吴亦凡李舒白# #电视剧青簪行[超话]# 精选热单人	赞[0]	2020-07-16 22:43:44	来自Android
教父娱乐	:#吴亦凡发长文# #青簪行杀青#恭喜吴亦凡《青簪行》杀青！进组七个多月，横跨三个季节拍摄终于杀青了！期待吴亦凡演绎的睽王李舒白#吴亦凡青簪行# @Mr_凡先生 	2020-07-16 21:41:55    	就在这里结束吧好好生活	5220546875	就在这里结束吧好好生活:转发微博	赞[0]	2020-07-16 22:44:22	来自iPhone客户端
教父娱乐	:#吴亦凡发长文# #青簪行杀青#恭喜吴亦凡《青簪行》杀青！进组七个多月，横跨三个季节拍摄终于杀青了！期待吴亦凡演绎的睽王李舒白#吴亦凡青簪行# @Mr_凡先生 	2020-07-16 21:41:55    	不吃香菜的银河_	6241917465	不吃香菜的银河_://@天天被吴亦凡秒杀:#吴亦凡李舒白# #电视剧青簪行[超话]# 精选热单人	赞[0]	2020-07-16 22:44:05	来自iPhone客户端
教父娱乐	:#吴亦凡发长文# #青簪行杀青#恭喜吴亦凡《青簪行》杀青！进组七个多月，横跨三个季节拍摄终于杀青了！期待吴亦凡演绎的睽王李舒白#吴亦凡青簪行# @Mr_凡先生 	2020-07-16 21:41:55    	北光一帆	2269667293	北光一帆:	赞[0]	2020-07-16 22:44:00	来自Android
教父娱乐	:#吴亦凡发长文# #青簪行杀青#恭喜吴亦凡《青簪行》杀青！进组七个多月，横跨三个季节拍摄终于杀青了！期待吴亦凡演绎的睽王李舒白#吴亦凡青簪行# @Mr_凡先生 	2020-07-16 21:41:55    	妞妞galaxy的小仙女	6474085235	妞妞galaxy的小仙女:期待吴亦凡	赞[0]	2020-07-16 22:44:34	来自iPhone客户端
教父娱乐	:#吴亦凡发长文# #青簪行杀青#恭喜吴亦凡《青簪行》杀青！进组七个多月，横跨三个季节拍摄终于杀青了！期待吴亦凡演绎的睽王李舒白#吴亦凡青簪行# @Mr_凡先生 	2020-07-16 21:41:55    	20XX-凡宝崽子	6719986779	20XX-凡宝崽子:#吴亦凡李舒白#	赞[0]	2020-07-16 22:44:34	来自HUAWEI nova 2s
教父娱乐	:#吴亦凡发长文# #青簪行杀青#恭喜吴亦凡《青簪行》杀青！进组七个多月，横跨三个季节拍摄终于杀青了！期待吴亦凡演绎的睽王李舒白#吴亦凡青簪行# @Mr_凡先生 	2020-07-16 21:41:55    	20XX_51就是6	5968934304	20XX_51就是6:#吴亦凡青簪行# 	赞[0]	2020-07-16 22:44:30	来自iPhone客户端
教父娱乐	:#吴亦凡发长文# #青簪行杀青#恭喜吴亦凡《青簪行》杀青！进组七个多月，横跨三个季节拍摄终于杀青了！期待吴亦凡演绎的睽王李舒白#吴亦凡青簪行# @Mr_凡先生 	2020-07-16 21:41:55    	花生小松许	5940955667	花生小松许:#吴亦凡[超话]##吴亦凡李舒白# @Mr_凡先生 	赞[0]	2020-07-16 22:45:06	来自Android
教父娱乐	:#吴亦凡发长文# #青簪行杀青#恭喜吴亦凡《青簪行》杀青！进组七个多月，横跨三个季节拍摄终于杀青了！期待吴亦凡演绎的睽王李舒白#吴亦凡青簪行# @Mr_凡先生 	2020-07-16 21:41:55    	是静静也是薯条	601200945	是静静也是薯条://@豆沙BBQ:辛苦拍摄 期待演员吴亦凡作品 #吴亦凡李舒白#	赞[0]	2020-07-16 22:44:57	来自iPhone客户端
教父娱乐	:#吴亦凡发长文# #青簪行杀青#恭喜吴亦凡《青簪行》杀青！进组七个多月，横跨三个季节拍摄终于杀青了！期待吴亦凡演绎的睽王李舒白#吴亦凡青簪行# @Mr_凡先生 	2020-07-16 21:41:55    	叁典説	5494372835	叁典説:恭喜杀青！期待李舒白！	赞[0]	2020-07-16 22:44:55	来自HUAWEI P30 Pro
教父娱乐	:#吴亦凡发长文# #青簪行杀青#恭喜吴亦凡《青簪行》杀青！进组七个多月，横跨三个季节拍摄终于杀青了！期待吴亦凡演绎的睽王李舒白#吴亦凡青簪行# @Mr_凡先生 	2020-07-16 21:41:55    	20XX-Yuan	6464502429	20XX-Yuan:转发微博	赞[0]	2020-07-16 22:44:55	来自Android
教父娱乐	:#吴亦凡发长文# #青簪行杀青#恭喜吴亦凡《青簪行》杀青！进组七个多月，横跨三个季节拍摄终于杀青了！期待吴亦凡演绎的睽王李舒白#吴亦凡青簪行# @Mr_凡先生 	2020-07-16 21:41:55    	20XX_sleeping	6612061954	20XX_sleeping:#吴亦凡李舒白# 	赞[0]	2020-07-16 22:45:24	来自小米8周年旗舰手机
教父娱乐	:#吴亦凡发长文# #青簪行杀青#恭喜吴亦凡《青簪行》杀青！进组七个多月，横跨三个季节拍摄终于杀青了！期待吴亦凡演绎的睽王李舒白#吴亦凡青簪行# @Mr_凡先生 	2020-07-16 21:41:55    	_________________凡宝宝加油	2087217533	_________________凡宝宝加油://@天天被吴亦凡秒杀:#吴亦凡李舒白# #电视剧青簪行[超话]# 精选热单人	赞[0]	2020-07-16 22:45:21	来自
教父娱乐	:#吴亦凡发长文# #青簪行杀青#恭喜吴亦凡《青簪行》杀青！进组七个多月，横跨三个季节拍摄终于杀青了！期待吴亦凡演绎的睽王李舒白#吴亦凡青簪行# @Mr_凡先生 	2020-07-16 21:41:55    	你说加油啊	6533064170	你说加油啊://@豆沙BBQ:辛苦拍摄 期待演员吴亦凡作品 #吴亦凡李舒白#	赞[0]	2020-07-16 22:45:13	来自小米8 屏幕指纹版
教父娱乐	:#吴亦凡发长文# #青簪行杀青#恭喜吴亦凡《青簪行》杀青！进组七个多月，横跨三个季节拍摄终于杀青了！期待吴亦凡演绎的睽王李舒白#吴亦凡青簪行# @Mr_凡先生 	2020-07-16 21:41:55    	亚特兰蒂斯M	6424848580	亚特兰蒂斯M://@天天被吴亦凡秒杀:#电视剧青簪行[超话]# #吴亦凡李舒白# 热门z z p	赞[0]	2020-07-16 22:45:14	来自iPhone客户端
教父娱乐	:#吴亦凡发长文# #青簪行杀青#恭喜吴亦凡《青簪行》杀青！进组七个多月，横跨三个季节拍摄终于杀青了！期待吴亦凡演绎的睽王李舒白#吴亦凡青簪行# @Mr_凡先生 	2020-07-16 21:41:55    	kiu_lcy	6998301051	kiu_lcy:#吴亦凡李舒白# 	赞[0]	2020-07-16 22:45:10	来自nova 5z
教父娱乐	:#吴亦凡发长文# #青簪行杀青#恭喜吴亦凡《青簪行》杀青！进组七个多月，横跨三个季节拍摄终于杀青了！期待吴亦凡演绎的睽王李舒白#吴亦凡青簪行# @Mr_凡先生 	2020-07-16 21:41:55    	K1r9i9s0t1i1n0a6	2062983403	K1r9i9s0t1i1n0a6:转发微博	赞[0]	2020-07-16 22:45:10	来自HUAWEI Mate 10 Pro
教父娱乐	:#吴亦凡发长文# #青簪行杀青#恭喜吴亦凡《青簪行》杀青！进组七个多月，横跨三个季节拍摄终于杀青了！期待吴亦凡演绎的睽王李舒白#吴亦凡青簪行# @Mr_凡先生 	2020-07-16 21:41:55    	天神的头发	7419174122	天神的头发:#吴亦凡李舒白# #吴亦凡青簪行#“世有舒白，方不寂寞” 一袭青色断乾坤，一骑铁马固江山，文可安邦，武可定国，翻手为云覆手为雨，山河长兴万古存！暌王李舒白@Mr_凡先生 ，你好呀！ 	赞[0]	2020-07-16 22:45:45	来自HUAWEI P30
教父娱乐	:#吴亦凡发长文# #青簪行杀青#恭喜吴亦凡《青簪行》杀青！进组七个多月，横跨三个季节拍摄终于杀青了！期待吴亦凡演绎的睽王李舒白#吴亦凡青簪行# @Mr_凡先生 	2020-07-16 21:41:55    	西夏吖	6293643115	西夏吖:恭喜王爷杀青！，太期待了！！！“流言往往只反映一部分真相，或者，干脆是虚假的烟雾。”——李舒白；“网络毁人誉人，唯有作品与之抗衡”——吴亦凡。欢迎四嘻八哈第一美人吴亦凡首部电视剧暌暌子加油！@Mr_凡先生 	赞[0]	2020-07-16 22:45:42	来自荣耀10 AI变色更潮美
教父娱乐	:#吴亦凡发长文# #青簪行杀青#恭喜吴亦凡《青簪行》杀青！进组七个多月，横跨三个季节拍摄终于杀青了！期待吴亦凡演绎的睽王李舒白#吴亦凡青簪行# @Mr_凡先生 	2020-07-16 21:41:55    	夔王小迷妹	6159753647	夔王小迷妹:转发微博	赞[0]	2020-07-16 22:45:36	来自OPPO Reno Z
教父娱乐	:#吴亦凡发长文# #青簪行杀青#恭喜吴亦凡《青簪行》杀青！进组七个多月，横跨三个季节拍摄终于杀青了！期待吴亦凡演绎的睽王李舒白#吴亦凡青簪行# @Mr_凡先生 	2020-07-16 21:41:55    	我暗戳戳的笑了	5183182819	我暗戳戳的笑了:恭喜杀青	赞[0]	2020-07-16 22:45:33	来自iQOO Z1 5G性能先锋
教父娱乐	:#吴亦凡发长文# #青簪行杀青#恭喜吴亦凡《青簪行》杀青！进组七个多月，横跨三个季节拍摄终于杀青了！期待吴亦凡演绎的睽王李舒白#吴亦凡青簪行# @Mr_凡先生 	2020-07-16 21:41:55    	毁灭吧随便吧各位	7189999637	毁灭吧随便吧各位://@天天被吴亦凡秒杀:#吴亦凡李舒白# #电视剧青簪行[超话]# 精选热单人	赞[0]	2020-07-16 22:45:32	来自nova4e 3200W立体美颜
教父娱乐	:#吴亦凡发长文# #青簪行杀青#恭喜吴亦凡《青簪行》杀青！进组七个多月，横跨三个季节拍摄终于杀青了！期待吴亦凡演绎的睽王李舒白#吴亦凡青簪行# @Mr_凡先生 	2020-07-16 21:41:55    	lavenderjr	6737078449	lavenderjr://@天天被吴亦凡秒杀:#吴亦凡李舒白# #电视剧青簪行[超话]# 精选热单人	赞[0]	2020-07-16 22:45:31	来自iPhone客户端
教父娱乐	:#吴亦凡发长文# #青簪行杀青#恭喜吴亦凡《青簪行》杀青！进组七个多月，横跨三个季节拍摄终于杀青了！期待吴亦凡演绎的睽王李舒白#吴亦凡青簪行# @Mr_凡先生 	2020-07-16 21:41:55    	八宝龙茶	7295294352	八宝龙茶:吴亦凡太好看了吧	赞[0]	2020-07-16 22:45:27	来自Android
教父娱乐	:#吴亦凡发长文# #青簪行杀青#恭喜吴亦凡《青簪行》杀青！进组七个多月，横跨三个季节拍摄终于杀青了！期待吴亦凡演绎的睽王李舒白#吴亦凡青簪行# @Mr_凡先生 	2020-07-16 21:41:55    	you_白月光	6860930272	you_白月光:#吴亦凡青簪行# 	赞[0]	2020-07-16 22:46:21	来自
教父娱乐	:#吴亦凡发长文# #青簪行杀青#恭喜吴亦凡《青簪行》杀青！进组七个多月，横跨三个季节拍摄终于杀青了！期待吴亦凡演绎的睽王李舒白#吴亦凡青簪行# @Mr_凡先生 	2020-07-16 21:41:55    	想吃饭饭_KW	5489717015	想吃饭饭_KW:#青簪行杀青#	赞[0]	2020-07-16 22:46:20	来自微博国际版
教父娱乐	:#吴亦凡发长文# #青簪行杀青#恭喜吴亦凡《青簪行》杀青！进组七个多月，横跨三个季节拍摄终于杀青了！期待吴亦凡演绎的睽王李舒白#吴亦凡青簪行# @Mr_凡先生 	2020-07-16 21:41:55    	妞妞鱼猫	5648542644	妞妞鱼猫:期待吴亦凡李舒白	赞[0]	2020-07-16 22:46:17	来自前后2000万 OPPO R11
教父娱乐	:#吴亦凡发长文# #青簪行杀青#恭喜吴亦凡《青簪行》杀青！进组七个多月，横跨三个季节拍摄终于杀青了！期待吴亦凡演绎的睽王李舒白#吴亦凡青簪行# @Mr_凡先生 	2020-07-16 21:41:55    	花生小松许	5940955667	花生小松许://@天天被吴亦凡秒杀:#吴亦凡李舒白# #电视剧青簪行[超话]# 精选热单人	赞[0]	2020-07-16 22:45:49	来自Android
教父娱乐	:#吴亦凡发长文# #青簪行杀青#恭喜吴亦凡《青簪行》杀青！进组七个多月，横跨三个季节拍摄终于杀青了！期待吴亦凡演绎的睽王李舒白#吴亦凡青簪行# @Mr_凡先生 	2020-07-16 21:41:55    	吾王独美独飒独绝天下	6205926101	吾王独美独飒独绝天下://@豆沙BBQ :辛苦拍摄 期待演员吴亦凡作品 #吴亦凡李舒白#	赞[0]	2020-07-16 22:47:26	来自微博国际版
教父娱乐	:#吴亦凡发长文# #青簪行杀青#恭喜吴亦凡《青簪行》杀青！进组七个多月，横跨三个季节拍摄终于杀青了！期待吴亦凡演绎的睽王李舒白#吴亦凡青簪行# @Mr_凡先生 	2020-07-16 21:41:55    	Ms_木沁	6352517495	Ms_木沁:#吴亦凡李舒白# #青簪行杀青# #吴亦凡# 	赞[0]	2020-07-16 22:47:17	来自红米Redmi
教父娱乐	:#吴亦凡发长文# #青簪行杀青#恭喜吴亦凡《青簪行》杀青！进组七个多月，横跨三个季节拍摄终于杀青了！期待吴亦凡演绎的睽王李舒白#吴亦凡青簪行# @Mr_凡先生 	2020-07-16 21:41:55    	yuhyun17	6914569582	yuhyun17:转发微博	赞[0]	2020-07-16 22:47:15	来自iPhone客户端
教父娱乐	:#吴亦凡发长文# #青簪行杀青#恭喜吴亦凡《青簪行》杀青！进组七个多月，横跨三个季节拍摄终于杀青了！期待吴亦凡演绎的睽王李舒白#吴亦凡青簪行# @Mr_凡先生 	2020-07-16 21:41:55    	高贵的干饭路人	5643639464	高贵的干饭路人:世有舒白，方不寂寞。文能提笔安天下，武能挥剑斩乾坤，尊贵已极，繁华顶端，王爷秉轴持钧，是枢纽也是升华。恭迎暌王殿下，期待青簪行一番男主李舒白#青簪行吴亦凡##吴亦凡李舒白#	赞[0]	2020-07-16 22:47:14	来自iPad客户端
教父娱乐	:#吴亦凡发长文# #青簪行杀青#恭喜吴亦凡《青簪行》杀青！进组七个多月，横跨三个季节拍摄终于杀青了！期待吴亦凡演绎的睽王李舒白#吴亦凡青簪行# @Mr_凡先生 	2020-07-16 21:41:55    	就要吃红茶冰淇淋	6802530486	就要吃红茶冰淇淋:#吴亦凡李舒白# #青簪行杀青# //@天天被吴亦凡秒杀:#吴亦凡李舒白# #电视剧青簪行[超话]# 精选热单人	赞[0]	2020-07-16 22:47:12	来自OPPO超视野全面屏R15
教父娱乐	:#吴亦凡发长文# #青簪行杀青#恭喜吴亦凡《青簪行》杀青！进组七个多月，横跨三个季节拍摄终于杀青了！期待吴亦凡演绎的睽王李舒白#吴亦凡青簪行# @Mr_凡先生 	2020-07-16 21:41:55    	S000000X	3605102934	S000000X:#吴亦凡李舒白# //@天天被吴亦凡秒杀:#吴亦凡李舒白# #电视剧青簪行[超话]# 精选热单人	赞[0]	2020-07-16 22:46:48	来自iPhone客户端
教父娱乐	:#吴亦凡发长文# #青簪行杀青#恭喜吴亦凡《青簪行》杀青！进组七个多月，横跨三个季节拍摄终于杀青了！期待吴亦凡演绎的睽王李舒白#吴亦凡青簪行# @Mr_凡先生 	2020-07-16 21:41:55    	高贵的干饭路人	5643639464	高贵的干饭路人:期待吴亦凡李舒白	赞[0]	2020-07-16 22:46:45	来自iPad客户端
教父娱乐	:#吴亦凡发长文# #青簪行杀青#恭喜吴亦凡《青簪行》杀青！进组七个多月，横跨三个季节拍摄终于杀青了！期待吴亦凡演绎的睽王李舒白#吴亦凡青簪行# @Mr_凡先生 	2020-07-16 21:41:55    	好哒呀是的呢	5972923083	好哒呀是的呢:#吴亦凡李舒白#    世有舒白，方不寂寞，期待李舒白@Mr_凡先生 	赞[0]	2020-07-16 22:46:39	来自Redmi Note 8 Pro四摄
教父娱乐	:#吴亦凡发长文# #青簪行杀青#恭喜吴亦凡《青簪行》杀青！进组七个多月，横跨三个季节拍摄终于杀青了！期待吴亦凡演绎的睽王李舒白#吴亦凡青簪行# @Mr_凡先生 	2020-07-16 21:41:55    	维多莉娅腿可爱	3655964765	维多莉娅腿可爱://@熊熊燃烧的熊熊:#吴亦凡[超话]# 辛苦啦！你的付出一定会有最大的回报[心]	赞[0]	2020-07-16 22:48:04	来自iPhone客户端
教父娱乐	:#吴亦凡发长文# #青簪行杀青#恭喜吴亦凡《青簪行》杀青！进组七个多月，横跨三个季节拍摄终于杀青了！期待吴亦凡演绎的睽王李舒白#吴亦凡青簪行# @Mr_凡先生 	2020-07-16 21:41:55    	我陪伴着你翱翔	5735779250	我陪伴着你翱翔://@豆沙BBQ:辛苦拍摄 期待演员吴亦凡作品 #吴亦凡李舒白#	赞[0]	2020-07-16 22:47:49	来自iPhone 7 Plus
教父娱乐	:#吴亦凡发长文# #青簪行杀青#恭喜吴亦凡《青簪行》杀青！进组七个多月，横跨三个季节拍摄终于杀青了！期待吴亦凡演绎的睽王李舒白#吴亦凡青簪行# @Mr_凡先生 	2020-07-16 21:41:55    	ll2968061999	5182788804	ll2968061999:太期待了#吴亦凡青簪行# #吴亦凡# #青簪行杀青# //@天天被吴亦凡秒杀:#电视剧青簪行[超话]# #吴亦凡李舒白# 热门z z p	赞[1]	2020-07-16 22:47:44	来自小米Max2 大屏大电量
教父娱乐	:#吴亦凡发长文# #青簪行杀青#恭喜吴亦凡《青簪行》杀青！进组七个多月，横跨三个季节拍摄终于杀青了！期待吴亦凡演绎的睽王李舒白#吴亦凡青簪行# @Mr_凡先生 	2020-07-16 21:41:55    	LamtanDenise	lamtandenise	LamtanDenise://@天天被吴亦凡秒杀:#电视剧青簪行[超话]# #吴亦凡李舒白# 热门z z p	赞[0]	2020-07-16 22:47:42	来自iPhone 6s
教父娱乐	:#吴亦凡发长文# #青簪行杀青#恭喜吴亦凡《青簪行》杀青！进组七个多月，横跨三个季节拍摄终于杀青了！期待吴亦凡演绎的睽王李舒白#吴亦凡青簪行# @Mr_凡先生 	2020-07-16 21:41:55    	20XX·凡人歌斯拉	1766169975	20XX·凡人歌斯拉:#吴亦凡李舒白# //@天天被吴亦凡秒杀:#吴亦凡李舒白# #电视剧青簪行[超话]# 精选热单人	赞[0]	2020-07-16 22:47:33	来自iPhone客户端
教父娱乐	:#吴亦凡发长文# #青簪行杀青#恭喜吴亦凡《青簪行》杀青！进组七个多月，横跨三个季节拍摄终于杀青了！期待吴亦凡演绎的睽王李舒白#吴亦凡青簪行# @Mr_凡先生 	2020-07-16 21:41:55    	啊不拉拉卡几	6418163504	啊不拉拉卡几:转发微博	赞[0]	2020-07-16 22:47:32	来自HUAWEI Mate 30 5G
教父娱乐	:#吴亦凡发长文# #青簪行杀青#恭喜吴亦凡《青簪行》杀青！进组七个多月，横跨三个季节拍摄终于杀青了！期待吴亦凡演绎的睽王李舒白#吴亦凡青簪行# @Mr_凡先生 	2020-07-16 21:41:55    	Yolanda_xixi	yolandaxixi	Yolanda_xixi:这条转转	赞[0]	2020-07-16 22:49:09	来自HUAWEI Mate 30
教父娱乐	:#吴亦凡发长文# #青簪行杀青#恭喜吴亦凡《青簪行》杀青！进组七个多月，横跨三个季节拍摄终于杀青了！期待吴亦凡演绎的睽王李舒白#吴亦凡青簪行# @Mr_凡先生 	2020-07-16 21:41:55    	天神的头发	7419174122	天神的头发:恭喜杀青🎉 雾散见「舒」云，星光映「白」月，红鱼惑人引谜案，玲珑巧思探人心，青簪官宣，暌王归来。谎言说的再多也有被戳穿的时候，戏演的再像，也掩盖不了背后的肮脏，耐心等待只为揭开最终真相。暌家军前来报到，参见王爷@Mr_凡先生	赞[0]	2020-07-16 22:49:06	来自HUAWEI P30
教父娱乐	:#吴亦凡发长文# #青簪行杀青#恭喜吴亦凡《青簪行》杀青！进组七个多月，横跨三个季节拍摄终于杀青了！期待吴亦凡演绎的睽王李舒白#吴亦凡青簪行# @Mr_凡先生 	2020-07-16 21:41:55    	有实力才会低调	6824453534	有实力才会低调:转发微博	赞[0]	2020-07-16 22:48:59	来自小米8青春版 潮流旗舰
教父娱乐	:#吴亦凡发长文# #青簪行杀青#恭喜吴亦凡《青簪行》杀青！进组七个多月，横跨三个季节拍摄终于杀青了！期待吴亦凡演绎的睽王李舒白#吴亦凡青簪行# @Mr_凡先生 	2020-07-16 21:41:55    	网上神经多	2890865924	网上神经多:恭喜吴亦凡杀青，有点儿期待了	赞[0]	2020-07-16 22:48:38	来自小米5X 拍人更美
教父娱乐	:#吴亦凡发长文# #青簪行杀青#恭喜吴亦凡《青簪行》杀青！进组七个多月，横跨三个季节拍摄终于杀青了！期待吴亦凡演绎的睽王李舒白#吴亦凡青簪行# @Mr_凡先生 	2020-07-16 21:41:55    	茉茉茉小凡	1934639170	茉茉茉小凡:#吴亦凡李舒白#  期待凡凡的第一部电视剧	赞[1]	2020-07-16 22:48:28	来自nova5Pro人像超级夜景
教父娱乐	:#吴亦凡发长文# #青簪行杀青#恭喜吴亦凡《青簪行》杀青！进组七个多月，横跨三个季节拍摄终于杀青了！期待吴亦凡演绎的睽王李舒白#吴亦凡青簪行# @Mr_凡先生 	2020-07-16 21:41:55    	爱喝酸奶的小西几	6297946656	爱喝酸奶的小西几:期待李舒白	赞[0]	2020-07-16 22:49:57	来自Android
教父娱乐	:#吴亦凡发长文# #青簪行杀青#恭喜吴亦凡《青簪行》杀青！进组七个多月，横跨三个季节拍摄终于杀青了！期待吴亦凡演绎的睽王李舒白#吴亦凡青簪行# @Mr_凡先生 	2020-07-16 21:41:55    	浪人速速退散	7272056612	浪人速速退散://@豆沙BBQ:辛苦拍摄 期待演员吴亦凡作品 #吴亦凡李舒白#	赞[0]	2020-07-16 22:49:51	来自红米Redmi
教父娱乐	:#吴亦凡发长文# #青簪行杀青#恭喜吴亦凡《青簪行》杀青！进组七个多月，横跨三个季节拍摄终于杀青了！期待吴亦凡演绎的睽王李舒白#吴亦凡青簪行# @Mr_凡先生 	2020-07-16 21:41:55    	yuhyun17	6914569582	yuhyun17:转发微博	赞[0]	2020-07-16 22:49:51	来自iPhone客户端
教父娱乐	:#吴亦凡发长文# #青簪行杀青#恭喜吴亦凡《青簪行》杀青！进组七个多月，横跨三个季节拍摄终于杀青了！期待吴亦凡演绎的睽王李舒白#吴亦凡青簪行# @Mr_凡先生 	2020-07-16 21:41:55    	10秒是永远的触动	5949820505	10秒是永远的触动:期待//@豆沙BBQ:辛苦拍摄 期待演员吴亦凡作品 #吴亦凡李舒白#	赞[0]	2020-07-16 22:49:45	来自iPhone客户端
教父娱乐	:#吴亦凡发长文# #青簪行杀青#恭喜吴亦凡《青簪行》杀青！进组七个多月，横跨三个季节拍摄终于杀青了！期待吴亦凡演绎的睽王李舒白#吴亦凡青簪行# @Mr_凡先生 	2020-07-16 21:41:55    	高贵的干饭路人	5643639464	高贵的干饭路人:扑朔迷离的恩怨情仇，不可窥知的命运羁绊，看尽天下江湖风起云涌，一切尽在掌握之中。期待吴亦凡，期待李舒白@Mr_凡先生	赞[0]	2020-07-16 22:49:34	来自iPad客户端
教父娱乐	:#吴亦凡发长文# #青簪行杀青#恭喜吴亦凡《青簪行》杀青！进组七个多月，横跨三个季节拍摄终于杀青了！期待吴亦凡演绎的睽王李舒白#吴亦凡青簪行# @Mr_凡先生 	2020-07-16 21:41:55    	吴三岁呐呐	5253552475	吴三岁呐呐:#青簪行杀青# #吴亦凡李舒白#	赞[0]	2020-07-16 22:49:28	来自iPhone客户端
教父娱乐	:#吴亦凡发长文# #青簪行杀青#恭喜吴亦凡《青簪行》杀青！进组七个多月，横跨三个季节拍摄终于杀青了！期待吴亦凡演绎的睽王李舒白#吴亦凡青簪行# @Mr_凡先生 	2020-07-16 21:41:55    	大葱儿师傅	5507218030	大葱儿师傅:奥利给//@豆沙BBQ:辛苦拍摄 期待演员吴亦凡作品 #吴亦凡李舒白# 	赞[0]	2020-07-16 22:50:11	来自Android
教父娱乐	:#吴亦凡发长文# #青簪行杀青#恭喜吴亦凡《青簪行》杀青！进组七个多月，横跨三个季节拍摄终于杀青了！期待吴亦凡演绎的睽王李舒白#吴亦凡青簪行# @Mr_凡先生 	2020-07-16 21:41:55    	吴三岁呐呐	5253552475	吴三岁呐呐:#青簪行杀青# #吴亦凡李舒白#	赞[0]	2020-07-16 22:50:09	来自iPhone客户端
教父娱乐	:#吴亦凡发长文# #青簪行杀青#恭喜吴亦凡《青簪行》杀青！进组七个多月，横跨三个季节拍摄终于杀青了！期待吴亦凡演绎的睽王李舒白#吴亦凡青簪行# @Mr_凡先生 	2020-07-16 21:41:55    	极光海aurora	6838351275	极光海aurora://@豆沙BBQ:辛苦拍摄 期待演员吴亦凡作品 #吴亦凡李舒白#	赞[0]	2020-07-16 22:50:08	来自Android
教父娱乐	:#吴亦凡发长文# #青簪行杀青#恭喜吴亦凡《青簪行》杀青！进组七个多月，横跨三个季节拍摄终于杀青了！期待吴亦凡演绎的睽王李舒白#吴亦凡青簪行# @Mr_凡先生 	2020-07-16 21:41:55    	一颗鲸鲸	6059917348	一颗鲸鲸:	赞[0]	2020-07-16 22:50:05	来自iPhone客户端
教父娱乐	:#吴亦凡发长文# #青簪行杀青#恭喜吴亦凡《青簪行》杀青！进组七个多月，横跨三个季节拍摄终于杀青了！期待吴亦凡演绎的睽王李舒白#吴亦凡青簪行# @Mr_凡先生 	2020-07-16 21:41:55    	lauresandy	1644786881	lauresandy:世有舒白，方不寂寞。#吴亦凡李舒白# #吴亦凡#	赞[0]	2020-07-16 22:50:02	来自微博搜索
教父娱乐	:#吴亦凡发长文# #青簪行杀青#恭喜吴亦凡《青簪行》杀青！进组七个多月，横跨三个季节拍摄终于杀青了！期待吴亦凡演绎的睽王李舒白#吴亦凡青簪行# @Mr_凡先生 	2020-07-16 21:41:55    	小猪亦不凡	7172888844	小猪亦不凡:世有舒白，方不寂寞，期待吴亦凡#吴亦凡李舒白#	赞[0]	2020-07-16 22:50:57	来自vivo智能手机
教父娱乐	:#吴亦凡发长文# #青簪行杀青#恭喜吴亦凡《青簪行》杀青！进组七个多月，横跨三个季节拍摄终于杀青了！期待吴亦凡演绎的睽王李舒白#吴亦凡青簪行# @Mr_凡先生 	2020-07-16 21:41:55    	Stella-VK	7388462307	Stella-VK:#青簪行杀青# 期待吴亦凡李舒白	赞[0]	2020-07-16 22:50:36	来自Redmi K30 全速热爱
教父娱乐	:#吴亦凡发长文# #青簪行杀青#恭喜吴亦凡《青簪行》杀青！进组七个多月，横跨三个季节拍摄终于杀青了！期待吴亦凡演绎的睽王李舒白#吴亦凡青簪行# @Mr_凡先生 	2020-07-16 21:41:55    	整个柚子-	5129271339	整个柚子-:杀青快乐	赞[0]	2020-07-16 22:51:49	来自荣耀20
教父娱乐	:#吴亦凡发长文# #青簪行杀青#恭喜吴亦凡《青簪行》杀青！进组七个多月，横跨三个季节拍摄终于杀青了！期待吴亦凡演绎的睽王李舒白#吴亦凡青簪行# @Mr_凡先生 	2020-07-16 21:41:55    	冰淇淋不甜_	AvenueofstarsWuyifan	冰淇淋不甜_://@豆沙BBQ:辛苦拍摄 期待演员吴亦凡作品 #吴亦凡李舒白#	赞[0]	2020-07-16 22:51:43	来自iPhone客户端
教父娱乐	:#吴亦凡发长文# #青簪行杀青#恭喜吴亦凡《青簪行》杀青！进组七个多月，横跨三个季节拍摄终于杀青了！期待吴亦凡演绎的睽王李舒白#吴亦凡青簪行# @Mr_凡先生 	2020-07-16 21:41:55    	凡尘入星	7400539873	凡尘入星://@豆沙BBQ:辛苦拍摄 期待演员吴亦凡作品 #吴亦凡李舒白#	赞[0]	2020-07-16 22:51:42	来自前后2000万 OPPO R11
教父娱乐	:#吴亦凡发长文# #青簪行杀青#恭喜吴亦凡《青簪行》杀青！进组七个多月，横跨三个季节拍摄终于杀青了！期待吴亦凡演绎的睽王李舒白#吴亦凡青簪行# @Mr_凡先生 	2020-07-16 21:41:55    	Shirley-galaxy	3359223672	Shirley-galaxy:转发微博	赞[0]	2020-07-16 22:51:40	来自小米9
教父娱乐	:#吴亦凡发长文# #青簪行杀青#恭喜吴亦凡《青簪行》杀青！进组七个多月，横跨三个季节拍摄终于杀青了！期待吴亦凡演绎的睽王李舒白#吴亦凡青簪行# @Mr_凡先生 	2020-07-16 21:41:55    	颜儿就是我-	2142227274	颜儿就是我-:太爱了	赞[0]	2020-07-16 22:51:41	来自iPad air
教父娱乐	:#吴亦凡发长文# #青簪行杀青#恭喜吴亦凡《青簪行》杀青！进组七个多月，横跨三个季节拍摄终于杀青了！期待吴亦凡演绎的睽王李舒白#吴亦凡青簪行# @Mr_凡先生 	2020-07-16 21:41:55    	非著名漂亮选手	5386472441	非著名漂亮选手:转发微博	赞[0]	2020-07-16 22:51:39	来自HUAWEI nova手机
教父娱乐	:#吴亦凡发长文# #青簪行杀青#恭喜吴亦凡《青簪行》杀青！进组七个多月，横跨三个季节拍摄终于杀青了！期待吴亦凡演绎的睽王李舒白#吴亦凡青簪行# @Mr_凡先生 	2020-07-16 21:41:55    	小奶球万事顺意	6776747489	小奶球万事顺意:期待吴亦凡	赞[0]	2020-07-16 22:52:11	来自微博 HTML5 版
教父娱乐	:#吴亦凡发长文# #青簪行杀青#恭喜吴亦凡《青簪行》杀青！进组七个多月，横跨三个季节拍摄终于杀青了！期待吴亦凡演绎的睽王李舒白#吴亦凡青簪行# @Mr_凡先生 	2020-07-16 21:41:55    	再来一碗宽面o·	5846158190	再来一碗宽面o·:扑朔迷离的恩怨情仇，不可窥知的命运羁绊，看尽天下江湖风起云涌，一切尽在掌握之中。期待吴亦凡，期待李舒白@Mr_凡先生	赞[0]	2020-07-16 22:52:10	来自
教父娱乐	:#吴亦凡发长文# #青簪行杀青#恭喜吴亦凡《青簪行》杀青！进组七个多月，横跨三个季节拍摄终于杀青了！期待吴亦凡演绎的睽王李舒白#吴亦凡青簪行# @Mr_凡先生 	2020-07-16 21:41:55    	_AdFan_	lonelyss0624	_AdFan_:#吴亦凡李舒白#	赞[0]	2020-07-16 22:52:10	来自iPhone客户端
教父娱乐	:#吴亦凡发长文# #青簪行杀青#恭喜吴亦凡《青簪行》杀青！进组七个多月，横跨三个季节拍摄终于杀青了！期待吴亦凡演绎的睽王李舒白#吴亦凡青簪行# @Mr_凡先生 	2020-07-16 21:41:55    	S000000X	3605102934	S000000X:#吴亦凡李舒白# 	赞[0]	2020-07-16 22:52:09	来自iPhone客户端
教父娱乐	:#吴亦凡发长文# #青簪行杀青#恭喜吴亦凡《青簪行》杀青！进组七个多月，横跨三个季节拍摄终于杀青了！期待吴亦凡演绎的睽王李舒白#吴亦凡青簪行# @Mr_凡先生 	2020-07-16 21:41:55    	芒果不喜欢夏天	5880912213	芒果不喜欢夏天:天地之间风云起，抽丝剥茧谜底现。演员吴亦凡携李舒白睽违归来，积石如玉，列松如翠，郎艳独绝，世无其二，有此舒白，方不寂寞，唯大英雄能本色，是真名士自风流，暌王殿下，我们陪你金戈铁马一路笑看烈焰繁花！  期待吴亦凡#吴亦凡李舒白#	赞[0]	2020-07-16 22:52:44	来自iPhone 11
教父娱乐	:#吴亦凡发长文# #青簪行杀青#恭喜吴亦凡《青簪行》杀青！进组七个多月，横跨三个季节拍摄终于杀青了！期待吴亦凡演绎的睽王李舒白#吴亦凡青簪行# @Mr_凡先生 	2020-07-16 21:41:55    	fan7heart	5622376317	fan7heart:转发微博	赞[0]	2020-07-16 22:52:32	来自小米8 SE
教父娱乐	:#吴亦凡发长文# #青簪行杀青#恭喜吴亦凡《青簪行》杀青！进组七个多月，横跨三个季节拍摄终于杀青了！期待吴亦凡演绎的睽王李舒白#吴亦凡青簪行# @Mr_凡先生 	2020-07-16 21:41:55    	顶峰从来由WU定义	6128286855	顶峰从来由WU定义:#吴亦凡李舒白#	赞[0]	2020-07-16 22:53:02	来自Android
教父娱乐	:#吴亦凡发长文# #青簪行杀青#恭喜吴亦凡《青簪行》杀青！进组七个多月，横跨三个季节拍摄终于杀青了！期待吴亦凡演绎的睽王李舒白#吴亦凡青簪行# @Mr_凡先生 	2020-07-16 21:41:55    	PalpitateKW	5412912847	PalpitateKW:转发微博	赞[0]	2020-07-16 22:53:00	来自OPPO超视野全面屏R15
教父娱乐	:#吴亦凡发长文# #青簪行杀青#恭喜吴亦凡《青簪行》杀青！进组七个多月，横跨三个季节拍摄终于杀青了！期待吴亦凡演绎的睽王李舒白#吴亦凡青簪行# @Mr_凡先生 	2020-07-16 21:41:55    	消失的花火·	5854366172	消失的花火·:转发微博	赞[0]	2020-07-16 22:52:57	来自Android
教父娱乐	:#吴亦凡发长文# #青簪行杀青#恭喜吴亦凡《青簪行》杀青！进组七个多月，横跨三个季节拍摄终于杀青了！期待吴亦凡演绎的睽王李舒白#吴亦凡青簪行# @Mr_凡先生 	2020-07-16 21:41:55    	银银银xi	3261295891	银银银xi:转发微博	赞[0]	2020-07-16 22:52:55	来自iPhone 6
教父娱乐	:#吴亦凡发长文# #青簪行杀青#恭喜吴亦凡《青簪行》杀青！进组七个多月，横跨三个季节拍摄终于杀青了！期待吴亦凡演绎的睽王李舒白#吴亦凡青簪行# @Mr_凡先生 	2020-07-16 21:41:55    	Chanrossy	justforkriswu	Chanrossy://@豆沙BBQ:辛苦拍摄 期待演员吴亦凡作品 #吴亦凡李舒白#	赞[0]	2020-07-16 22:52:49	来自nova5Pro人像超级夜景
教父娱乐	:#吴亦凡发长文# #青簪行杀青#恭喜吴亦凡《青簪行》杀青！进组七个多月，横跨三个季节拍摄终于杀青了！期待吴亦凡演绎的睽王李舒白#吴亦凡青簪行# @Mr_凡先生 	2020-07-16 21:41:55    	66line	2294173133	66line://@饭咪:抡热门	赞[2]	2020-07-16 22:53:06	来自
教父娱乐	:#吴亦凡发长文# #青簪行杀青#恭喜吴亦凡《青簪行》杀青！进组七个多月，横跨三个季节拍摄终于杀青了！期待吴亦凡演绎的睽王李舒白#吴亦凡青簪行# @Mr_凡先生 	2020-07-16 21:41:55    	吃葡萄不吐皮kk	5874610024	吃葡萄不吐皮kk:“世有舒白，方不寂寞”   期待吴亦凡@Mr_凡先生	赞[0]	2020-07-16 22:53:05	来自OPPO A7
教父娱乐	:#吴亦凡发长文# #青簪行杀青#恭喜吴亦凡《青簪行》杀青！进组七个多月，横跨三个季节拍摄终于杀青了！期待吴亦凡演绎的睽王李舒白#吴亦凡青簪行# @Mr_凡先生 	2020-07-16 21:41:55    	不爱吃鱼的galaxy	wozuiaisongqian	不爱吃鱼的galaxy:#吴亦凡# ‖#青簪行杀青#	赞[0]	2020-07-16 22:53:13	来自Android
教父娱乐	:#吴亦凡发长文# #青簪行杀青#恭喜吴亦凡《青簪行》杀青！进组七个多月，横跨三个季节拍摄终于杀青了！期待吴亦凡演绎的睽王李舒白#吴亦凡青簪行# @Mr_凡先生 	2020-07-16 21:41:55    	苍龙之心a	6120394592	苍龙之心a:#吴亦凡[超话]#	赞[0]	2020-07-16 22:53:12	来自HUAWEI P20
教父娱乐	:#吴亦凡发长文# #青簪行杀青#恭喜吴亦凡《青簪行》杀青！进组七个多月，横跨三个季节拍摄终于杀青了！期待吴亦凡演绎的睽王李舒白#吴亦凡青簪行# @Mr_凡先生 	2020-07-16 21:41:55    	爱我宝贝豪杰	3896140780	爱我宝贝豪杰://@豆沙BBQ:辛苦拍摄 期待演员吴亦凡作品 #吴亦凡李舒白#	赞[0]	2020-07-16 22:53:11	来自前后2000万 OPPO R11s
教父娱乐	:#吴亦凡发长文# #青簪行杀青#恭喜吴亦凡《青簪行》杀青！进组七个多月，横跨三个季节拍摄终于杀青了！期待吴亦凡演绎的睽王李舒白#吴亦凡青簪行# @Mr_凡先生 	2020-07-16 21:41:55    	20XX-编内安塔尔警长	3246098471	20XX-编内安塔尔警长:#吴亦凡李舒白# #青簪行杀青#  期待吴亦凡	赞[0]	2020-07-16 22:53:29	来自微博国际版
教父娱乐	:#吴亦凡发长文# #青簪行杀青#恭喜吴亦凡《青簪行》杀青！进组七个多月，横跨三个季节拍摄终于杀青了！期待吴亦凡演绎的睽王李舒白#吴亦凡青簪行# @Mr_凡先生 	2020-07-16 21:41:55    	柳枝已经发芽	6990472488	柳枝已经发芽:#吴亦凡青簪行#	赞[0]	2020-07-16 22:53:24	来自iPhone客户端
教父娱乐	:#吴亦凡发长文# #青簪行杀青#恭喜吴亦凡《青簪行》杀青！进组七个多月，横跨三个季节拍摄终于杀青了！期待吴亦凡演绎的睽王李舒白#吴亦凡青簪行# @Mr_凡先生 	2020-07-16 21:41:55    	难搞的嘞	5861370019	难搞的嘞:转发微博	赞[0]	2020-07-16 22:53:24	来自微博 weibo.com
教父娱乐	:#吴亦凡发长文# #青簪行杀青#恭喜吴亦凡《青簪行》杀青！进组七个多月，横跨三个季节拍摄终于杀青了！期待吴亦凡演绎的睽王李舒白#吴亦凡青簪行# @Mr_凡先生 	2020-07-16 21:41:55    	妄神荒	2816568343	妄神荒:#吴亦凡李舒白#	赞[0]	2020-07-16 22:53:24	来自小米8青春版 潮流旗舰
教父娱乐	:#吴亦凡发长文# #青簪行杀青#恭喜吴亦凡《青簪行》杀青！进组七个多月，横跨三个季节拍摄终于杀青了！期待吴亦凡演绎的睽王李舒白#吴亦凡青簪行# @Mr_凡先生 	2020-07-16 21:41:55    	春娇与迷失幻境	2519283120	春娇与迷失幻境:转发微博	赞[0]	2020-07-16 22:53:23	来自iPhone客户端
教父娱乐	:#吴亦凡发长文# #青簪行杀青#恭喜吴亦凡《青簪行》杀青！进组七个多月，横跨三个季节拍摄终于杀青了！期待吴亦凡演绎的睽王李舒白#吴亦凡青簪行# @Mr_凡先生 	2020-07-16 21:41:55    	KRISTING1	5494015281	KRISTING1:转发微博	赞[0]	2020-07-16 22:53:22	来自nova4e 3200W立体美颜
教父娱乐	:#吴亦凡发长文# #青簪行杀青#恭喜吴亦凡《青簪行》杀青！进组七个多月，横跨三个季节拍摄终于杀青了！期待吴亦凡演绎的睽王李舒白#吴亦凡青簪行# @Mr_凡先生 	2020-07-16 21:41:55    	加Jiali	6625012454	加Jiali:期待#吴亦凡青簪行# 	赞[0]	2020-07-16 22:53:52	来自Android客户端
教父娱乐	:#吴亦凡发长文# #青簪行杀青#恭喜吴亦凡《青簪行》杀青！进组七个多月，横跨三个季节拍摄终于杀青了！期待吴亦凡演绎的睽王李舒白#吴亦凡青簪行# @Mr_凡先生 	2020-07-16 21:41:55    	凡光灿影_KW	3769724502	凡光灿影_KW:转发微博	赞[0]	2020-07-16 22:53:51	来自vivo iQOO生而强悍
教父娱乐	:#吴亦凡发长文# #青簪行杀青#恭喜吴亦凡《青簪行》杀青！进组七个多月，横跨三个季节拍摄终于杀青了！期待吴亦凡演绎的睽王李舒白#吴亦凡青簪行# @Mr_凡先生 	2020-07-16 21:41:55    	小奶球不吃鱼	6453245264	小奶球不吃鱼://@饭咪:抡热门	赞[0]	2020-07-16 22:53:48	来自nova5Pro人像超级夜景
教父娱乐	:#吴亦凡发长文# #青簪行杀青#恭喜吴亦凡《青簪行》杀青！进组七个多月，横跨三个季节拍摄终于杀青了！期待吴亦凡演绎的睽王李舒白#吴亦凡青簪行# @Mr_凡先生 	2020-07-16 21:41:55    	好好好好吃午饭	6067259376	好好好好吃午饭:#青簪行杀青# //@天天被吴亦凡秒杀 :#吴亦凡李舒白# #电视剧青簪行[超话]#精选热单人	赞[0]	2020-07-16 22:53:46	来自微博国际版
教父娱乐	:#吴亦凡发长文# #青簪行杀青#恭喜吴亦凡《青簪行》杀青！进组七个多月，横跨三个季节拍摄终于杀青了！期待吴亦凡演绎的睽王李舒白#吴亦凡青簪行# @Mr_凡先生 	2020-07-16 21:41:55    	她比王子还得意	1040732537	她比王子还得意:#吴亦凡李舒白# #吴亦凡青簪行#  期待吴亦凡的李舒白！辛苦啦！	赞[0]	2020-07-16 22:53:35	来自荣耀8 美得与众不同
教父娱乐	:#吴亦凡发长文# #青簪行杀青#恭喜吴亦凡《青簪行》杀青！进组七个多月，横跨三个季节拍摄终于杀青了！期待吴亦凡演绎的睽王李舒白#吴亦凡青簪行# @Mr_凡先生 	2020-07-16 21:41:55    	人间灭霸	2204763243	人间灭霸:期待	赞[0]	2020-07-16 22:54:19	来自iPhone客户端
教父娱乐	:#吴亦凡发长文# #青簪行杀青#恭喜吴亦凡《青簪行》杀青！进组七个多月，横跨三个季节拍摄终于杀青了！期待吴亦凡演绎的睽王李舒白#吴亦凡青簪行# @Mr_凡先生 	2020-07-16 21:41:55    	_阿泽君_	6084786071	_阿泽君_:#青簪行杀青# 雾散见「舒」云，星光映「白」月，红鱼惑人引谜案，玲珑巧思探人心，谎言说的再多也有被戳穿的时候，戏演的再像，也掩盖不了背后的肮脏，耐心等待只为揭开最终真相。睽家军前来报到，参见王爷@Mr_凡先生	赞[0]	2020-07-16 22:54:18	来自华为手机
教父娱乐	:#吴亦凡发长文# #青簪行杀青#恭喜吴亦凡《青簪行》杀青！进组七个多月，横跨三个季节拍摄终于杀青了！期待吴亦凡演绎的睽王李舒白#吴亦凡青簪行# @Mr_凡先生 	2020-07-16 21:41:55    	好好想空啦	6534075379	好好想空啦:转发微博	赞[0]	2020-07-16 22:54:08	来自iPad客户端
教父娱乐	:#吴亦凡发长文# #青簪行杀青#恭喜吴亦凡《青簪行》杀青！进组七个多月，横跨三个季节拍摄终于杀青了！期待吴亦凡演绎的睽王李舒白#吴亦凡青簪行# @Mr_凡先生 	2020-07-16 21:41:55    	好哒呀是的呢	5972923083	好哒呀是的呢:#吴亦凡李舒白#    八个月的辛苦付出，等待成品，期待李舒白	赞[0]	2020-07-16 22:54:49	来自Redmi Note 8 Pro四摄
教父娱乐	:#吴亦凡发长文# #青簪行杀青#恭喜吴亦凡《青簪行》杀青！进组七个多月，横跨三个季节拍摄终于杀青了！期待吴亦凡演绎的睽王李舒白#吴亦凡青簪行# @Mr_凡先生 	2020-07-16 21:41:55    	20XX·jhkxl	7357919752	20XX·jhkxl://@66line://@饭咪:抡热门	赞[0]	2020-07-16 22:54:38	来自iPhone客户端
教父娱乐	:#吴亦凡发长文# #青簪行杀青#恭喜吴亦凡《青簪行》杀青！进组七个多月，横跨三个季节拍摄终于杀青了！期待吴亦凡演绎的睽王李舒白#吴亦凡青簪行# @Mr_凡先生 	2020-07-16 21:41:55    	大海对鱼说的话_	7202799649	大海对鱼说的话_:期待#吴亦凡李舒白# 	赞[0]	2020-07-16 22:54:31	来自iPhone客户端
教父娱乐	:#吴亦凡发长文# #青簪行杀青#恭喜吴亦凡《青簪行》杀青！进组七个多月，横跨三个季节拍摄终于杀青了！期待吴亦凡演绎的睽王李舒白#吴亦凡青簪行# @Mr_凡先生 	2020-07-16 21:41:55    	wyxffyujrdd	5592043969	wyxffyujrdd:期待吴亦凡	赞[0]	2020-07-16 22:54:30	来自nova5i 2400万AI四摄
教父娱乐	:#吴亦凡发长文# #青簪行杀青#恭喜吴亦凡《青簪行》杀青！进组七个多月，横跨三个季节拍摄终于杀青了！期待吴亦凡演绎的睽王李舒白#吴亦凡青簪行# @Mr_凡先生 	2020-07-16 21:41:55    	想吃饭饭_KW	5489717015	想吃饭饭_KW:#青簪行杀青#	赞[0]	2020-07-16 22:54:29	来自微博国际版
教父娱乐	:#吴亦凡发长文# #青簪行杀青#恭喜吴亦凡《青簪行》杀青！进组七个多月，横跨三个季节拍摄终于杀青了！期待吴亦凡演绎的睽王李舒白#吴亦凡青簪行# @Mr_凡先生 	2020-07-16 21:41:55    	可愈非典型恐高症	3857360370	可愈非典型恐高症://@Dong曦子:世有舒白，方不寂寞。文能提笔安天下，武能挥剑斩乾坤，尊贵已极，繁华顶端，王爷秉轴持钧，是枢纽也是升华。恭迎暌王殿下，期待青簪行一番男主李舒白#青簪行吴亦凡# http://t.cn/A6yWe8Fq	赞[0]	2020-07-16 22:54:54	来自iPhone 7
教父娱乐	:#吴亦凡发长文# #青簪行杀青#恭喜吴亦凡《青簪行》杀青！进组七个多月，横跨三个季节拍摄终于杀青了！期待吴亦凡演绎的睽王李舒白#吴亦凡青簪行# @Mr_凡先生 	2020-07-16 21:41:55    	brightyj	6272272462	brightyj:就很期待	赞[0]	2020-07-16 22:54:53	来自vivo智能手机
教父娱乐	:#吴亦凡发长文# #青簪行杀青#恭喜吴亦凡《青簪行》杀青！进组七个多月，横跨三个季节拍摄终于杀青了！期待吴亦凡演绎的睽王李舒白#吴亦凡青簪行# @Mr_凡先生 	2020-07-16 21:41:55    	ycftjnjk	5601753229	ycftjnjk:转发微博	赞[0]	2020-07-16 22:55:09	来自小米6X 拍人更美
教父娱乐	:#吴亦凡发长文# #青簪行杀青#恭喜吴亦凡《青簪行》杀青！进组七个多月，横跨三个季节拍摄终于杀青了！期待吴亦凡演绎的睽王李舒白#吴亦凡青簪行# @Mr_凡先生 	2020-07-16 21:41:55    	Mrs_芃芃	3646223374	Mrs_芃芃:#青簪行杀青# 恭喜吴亦凡杀青！期待李舒白！	赞[0]	2020-07-16 22:54:58	来自vivo Z5全面实力派
教父娱乐	:#吴亦凡发长文# #青簪行杀青#恭喜吴亦凡《青簪行》杀青！进组七个多月，横跨三个季节拍摄终于杀青了！期待吴亦凡演绎的睽王李舒白#吴亦凡青簪行# @Mr_凡先生 	2020-07-16 21:41:55    	花生小松许	5940955667	花生小松许:#吴亦凡[超话]##吴亦凡青簪行# @Mr_凡先生 	赞[0]	2020-07-16 22:55:33	来自Android
教父娱乐	:#吴亦凡发长文# #青簪行杀青#恭喜吴亦凡《青簪行》杀青！进组七个多月，横跨三个季节拍摄终于杀青了！期待吴亦凡演绎的睽王李舒白#吴亦凡青簪行# @Mr_凡先生 	2020-07-16 21:41:55    	左三圈右三圈0oo	6177464868	左三圈右三圈0oo:期待吴亦凡李舒白@Mr_凡先生 	赞[0]	2020-07-16 22:55:32	来自iPad air
教父娱乐	:#吴亦凡发长文# #青簪行杀青#恭喜吴亦凡《青簪行》杀青！进组七个多月，横跨三个季节拍摄终于杀青了！期待吴亦凡演绎的睽王李舒白#吴亦凡青簪行# @Mr_凡先生 	2020-07-16 21:41:55    	神色丨	5991723547	神色丨:转发微博	赞[0]	2020-07-16 22:55:29	来自HUAWEI Mate 9
教父娱乐	:#吴亦凡发长文# #青簪行杀青#恭喜吴亦凡《青簪行》杀青！进组七个多月，横跨三个季节拍摄终于杀青了！期待吴亦凡演绎的睽王李舒白#吴亦凡青簪行# @Mr_凡先生 	2020-07-16 21:41:55    	花生小松许	5940955667	花生小松许:#吴亦凡[超话]##吴亦凡李舒白# @Mr_凡先生 	赞[0]	2020-07-16 22:55:28	来自Android
教父娱乐	:#吴亦凡发长文# #青簪行杀青#恭喜吴亦凡《青簪行》杀青！进组七个多月，横跨三个季节拍摄终于杀青了！期待吴亦凡演绎的睽王李舒白#吴亦凡青簪行# @Mr_凡先生 	2020-07-16 21:41:55    	ycftjnjk	5601753229	ycftjnjk:转发微博	赞[0]	2020-07-16 22:55:16	来自小米6X 拍人更美
教父娱乐	:#吴亦凡发长文# #青簪行杀青#恭喜吴亦凡《青簪行》杀青！进组七个多月，横跨三个季节拍摄终于杀青了！期待吴亦凡演绎的睽王李舒白#吴亦凡青簪行# @Mr_凡先生 	2020-07-16 21:41:55    	奶酪请多加奶_20XX	5657183347	奶酪请多加奶_20XX:辛苦啦 期待作品！@Mr_凡先生 #青簪行杀青# 	赞[0]	2020-07-16 22:56:06	来自Android
教父娱乐	:#吴亦凡发长文# #青簪行杀青#恭喜吴亦凡《青簪行》杀青！进组七个多月，横跨三个季节拍摄终于杀青了！期待吴亦凡演绎的睽王李舒白#吴亦凡青簪行# @Mr_凡先生 	2020-07-16 21:41:55    	这就是一个生活号	5340072837	这就是一个生活号:#青簪行杀青#	赞[0]	2020-07-16 22:55:59	来自HUAWEI Mate 30
教父娱乐	:#吴亦凡发长文# #青簪行杀青#恭喜吴亦凡《青簪行》杀青！进组七个多月，横跨三个季节拍摄终于杀青了！期待吴亦凡演绎的睽王李舒白#吴亦凡青簪行# @Mr_凡先生 	2020-07-16 21:41:55    	阿尔忒弥斯_moon	3987116849	阿尔忒弥斯_moon:转发微博	赞[0]	2020-07-16 22:55:50	来自HUAWEI P20
教父娱乐	:#吴亦凡发长文# #青簪行杀青#恭喜吴亦凡《青簪行》杀青！进组七个多月，横跨三个季节拍摄终于杀青了！期待吴亦凡演绎的睽王李舒白#吴亦凡青簪行# @Mr_凡先生 	2020-07-16 21:41:55    	Ms-凡夫任	6063165791	Ms-凡夫任:转发微博	赞[0]	2020-07-16 22:55:44	来自荣耀7X 全面屏手机
教父娱乐	:#吴亦凡发长文# #青簪行杀青#恭喜吴亦凡《青簪行》杀青！进组七个多月，横跨三个季节拍摄终于杀青了！期待吴亦凡演绎的睽王李舒白#吴亦凡青簪行# @Mr_凡先生 	2020-07-16 21:41:55    	奶酪请多加奶_20XX	5657183347	奶酪请多加奶_20XX:期待吴亦凡！！	赞[0]	2020-07-16 22:55:43	来自Android
教父娱乐	:#吴亦凡发长文# #青簪行杀青#恭喜吴亦凡《青簪行》杀青！进组七个多月，横跨三个季节拍摄终于杀青了！期待吴亦凡演绎的睽王李舒白#吴亦凡青簪行# @Mr_凡先生 	2020-07-16 21:41:55    	W_小漫娃儿	2699269951	W_小漫娃儿:转发微博	赞[0]	2020-07-16 22:55:41	来自iPad客户端
教父娱乐	:#吴亦凡发长文# #青簪行杀青#恭喜吴亦凡《青簪行》杀青！进组七个多月，横跨三个季节拍摄终于杀青了！期待吴亦凡演绎的睽王李舒白#吴亦凡青簪行# @Mr_凡先生 	2020-07-16 21:41:55    	关关雎鸠-等你	6175174702	关关雎鸠-等你:转发点赞#青簪行杀青# 	赞[0]	2020-07-16 22:55:41	来自小米9 SE
教父娱乐	:#吴亦凡发长文# #青簪行杀青#恭喜吴亦凡《青簪行》杀青！进组七个多月，横跨三个季节拍摄终于杀青了！期待吴亦凡演绎的睽王李舒白#吴亦凡青簪行# @Mr_凡先生 	2020-07-16 21:41:55    	脾气很大离我远点	wgejjgd	脾气很大离我远点:期待李舒白	赞[0]	2020-07-16 22:55:39	来自HUAWEI P30 Pro
教父娱乐	:#吴亦凡发长文# #青簪行杀青#恭喜吴亦凡《青簪行》杀青！进组七个多月，横跨三个季节拍摄终于杀青了！期待吴亦凡演绎的睽王李舒白#吴亦凡青簪行# @Mr_凡先生 	2020-07-16 21:41:55    	孙悟凡他每次都打妖怪	2729595883	孙悟凡他每次都打妖怪:#青簪行杀青# 期待吴亦凡李舒白	赞[0]	2020-07-16 22:56:23	来自OPPO A5
教父娱乐	:#吴亦凡发长文# #青簪行杀青#恭喜吴亦凡《青簪行》杀青！进组七个多月，横跨三个季节拍摄终于杀青了！期待吴亦凡演绎的睽王李舒白#吴亦凡青簪行# @Mr_凡先生 	2020-07-16 21:41:55    	小懒蜂	3642730892	小懒蜂:#电视剧青簪行# 不争不抢却引来猜忌妒忌，心怀天下却遭受诅咒谩骂，如何解开一个个惊世之案，如何从鳏寡孤独废中抽身而出，一切都在青簪行，期待吴亦凡对李舒白的演绎!#吴亦凡青簪行#	赞[5]	2020-07-16 22:56:19	来自HUAWEI nova 3
教父娱乐	:#吴亦凡发长文# #青簪行杀青#恭喜吴亦凡《青簪行》杀青！进组七个多月，横跨三个季节拍摄终于杀青了！期待吴亦凡演绎的睽王李舒白#吴亦凡青簪行# @Mr_凡先生 	2020-07-16 21:41:55    	这就是一个生活号	5340072837	这就是一个生活号:#青簪行杀青# #吴亦凡李舒白#	赞[0]	2020-07-16 22:56:17	来自HUAWEI Mate 30
教父娱乐	:#吴亦凡发长文# #青簪行杀青#恭喜吴亦凡《青簪行》杀青！进组七个多月，横跨三个季节拍摄终于杀青了！期待吴亦凡演绎的睽王李舒白#吴亦凡青簪行# @Mr_凡先生 	2020-07-16 21:41:55    	vvwithhheart	wluyifhan	vvwithhheart:看到阿凡就开心！//@Yolanda_xixi:这条转转	赞[0]	2020-07-16 22:56:12	来自微博 HTML5 版
教父娱乐	:#吴亦凡发长文# #青簪行杀青#恭喜吴亦凡《青簪行》杀青！进组七个多月，横跨三个季节拍摄终于杀青了！期待吴亦凡演绎的睽王李舒白#吴亦凡青簪行# @Mr_凡先生 	2020-07-16 21:41:55    	娃娃鱼吃掉香菜	6043104977	娃娃鱼吃掉香菜:#吴亦凡李舒白# 凡凡@Mr_凡先生 辛苦了！//@豆沙BBQ:辛苦拍摄 期待演员吴亦凡作品 #吴亦凡李舒白#	赞[0]	2020-07-16 22:56:10	来自OPPO超视野全面屏R15
教父娱乐	:#吴亦凡发长文# #青簪行杀青#恭喜吴亦凡《青簪行》杀青！进组七个多月，横跨三个季节拍摄终于杀青了！期待吴亦凡演绎的睽王李舒白#吴亦凡青簪行# @Mr_凡先生 	2020-07-16 21:41:55    	久久妮6353653356	6353653356	久久妮6353653356:#青簪行杀青#恭喜吴亦凡《青簪行》杀青！吴亦凡《青簪行》杀青快乐！期待吴亦凡演绎的睽王李舒白	赞[0]	2020-07-16 22:56:09	来自小米8青春版 潮流旗舰
教父娱乐	:#吴亦凡发长文# #青簪行杀青#恭喜吴亦凡《青簪行》杀青！进组七个多月，横跨三个季节拍摄终于杀青了！期待吴亦凡演绎的睽王李舒白#吴亦凡青簪行# @Mr_凡先生 	2020-07-16 21:41:55    	落栖之羽	1219387267	落栖之羽:转发微博	赞[0]	2020-07-16 22:56:50	来自HUAWEI nova 3i
教父娱乐	:#吴亦凡发长文# #青簪行杀青#恭喜吴亦凡《青簪行》杀青！进组七个多月，横跨三个季节拍摄终于杀青了！期待吴亦凡演绎的睽王李舒白#吴亦凡青簪行# @Mr_凡先生 	2020-07-16 21:41:55    	我一直在凡凡	5369728071	我一直在凡凡://@豆沙BBQ:辛苦拍摄 期待演员吴亦凡作品 #吴亦凡李舒白#	赞[0]	2020-07-16 22:56:46	来自iPhone 8 Plus
教父娱乐	:#吴亦凡发长文# #青簪行杀青#恭喜吴亦凡《青簪行》杀青！进组七个多月，横跨三个季节拍摄终于杀青了！期待吴亦凡演绎的睽王李舒白#吴亦凡青簪行# @Mr_凡先生 	2020-07-16 21:41:55    	20XX·凡人歌斯拉	1766169975	20XX·凡人歌斯拉:#吴亦凡李舒白# 期待//@仑子benben:太贴脸了 期待吴亦凡饰演的李舒白！	赞[0]	2020-07-16 22:56:41	来自iPhone客户端
教父娱乐	:#吴亦凡发长文# #青簪行杀青#恭喜吴亦凡《青簪行》杀青！进组七个多月，横跨三个季节拍摄终于杀青了！期待吴亦凡演绎的睽王李舒白#吴亦凡青簪行# @Mr_凡先生 	2020-07-16 21:41:55    	_AdFan_	lonelyss0624	_AdFan_:#吴亦凡李舒白# #电视剧青簪行[超话]# //@天天被吴亦凡秒杀:#吴亦凡李舒白# #电视剧青簪行[超话]# 精选热单人	赞[0]	2020-07-16 22:56:41	来自iPhone客户端
教父娱乐	:#吴亦凡发长文# #青簪行杀青#恭喜吴亦凡《青簪行》杀青！进组七个多月，横跨三个季节拍摄终于杀青了！期待吴亦凡演绎的睽王李舒白#吴亦凡青簪行# @Mr_凡先生 	2020-07-16 21:41:55    	赛博坦星球少女ww	5804162851	赛博坦星球少女ww:转发微博	赞[0]	2020-07-16 22:56:30	来自iPhone客户端
教父娱乐	:#吴亦凡发长文# #青簪行杀青#恭喜吴亦凡《青簪行》杀青！进组七个多月，横跨三个季节拍摄终于杀青了！期待吴亦凡演绎的睽王李舒白#吴亦凡青簪行# @Mr_凡先生 	2020-07-16 21:41:55    	想不出新昵称了阿	6641208570	想不出新昵称了阿:#青簪行杀青#	赞[0]	2020-07-16 22:56:28	来自前后2000万 OPPO R11s
教父娱乐	:#吴亦凡发长文# #青簪行杀青#恭喜吴亦凡《青簪行》杀青！进组七个多月，横跨三个季节拍摄终于杀青了！期待吴亦凡演绎的睽王李舒白#吴亦凡青簪行# @Mr_凡先生 	2020-07-16 21:41:55    	赛博坦星球少女ww	5804162851	赛博坦星球少女ww://@豆沙BBQ:辛苦拍摄 期待演员吴亦凡作品 #吴亦凡李舒白# 	赞[0]	2020-07-16 22:56:27	来自iPhone客户端
教父娱乐	:#吴亦凡发长文# #青簪行杀青#恭喜吴亦凡《青簪行》杀青！进组七个多月，横跨三个季节拍摄终于杀青了！期待吴亦凡演绎的睽王李舒白#吴亦凡青簪行# @Mr_凡先生 	2020-07-16 21:41:55    	凡凡曼	6639228893	凡凡曼:期待吴亦凡期待李舒白#吴亦凡李舒白# #吴亦凡青簪行# #吴亦凡[超话]##青簪行杀青# #电视剧青簪行#	赞[0]	2020-07-16 22:57:14	来自全屏双摄 OPPO A5
教父娱乐	:#吴亦凡发长文# #青簪行杀青#恭喜吴亦凡《青簪行》杀青！进组七个多月，横跨三个季节拍摄终于杀青了！期待吴亦凡演绎的睽王李舒白#吴亦凡青簪行# @Mr_凡先生 	2020-07-16 21:41:55    	WyfYyl	2931531257	WyfYyl://@豆沙BBQ:辛苦拍摄 期待演员吴亦凡作品 #吴亦凡李舒白#	赞[0]	2020-07-16 22:57:12	来自华为畅享10 Plus
教父娱乐	:#吴亦凡发长文# #青簪行杀青#恭喜吴亦凡《青簪行》杀青！进组七个多月，横跨三个季节拍摄终于杀青了！期待吴亦凡演绎的睽王李舒白#吴亦凡青簪行# @Mr_凡先生 	2020-07-16 21:41:55    	突厥蔷薇君亦汐	6097101814	突厥蔷薇君亦汐:世有舒白，方不寂寞。@Mr_凡先生 	赞[0]	2020-07-16 22:57:07	来自红米Redmi
教父娱乐	:#吴亦凡发长文# #青簪行杀青#恭喜吴亦凡《青簪行》杀青！进组七个多月，横跨三个季节拍摄终于杀青了！期待吴亦凡演绎的睽王李舒白#吴亦凡青簪行# @Mr_凡先生 	2020-07-16 21:41:55    	全国一级废话专家	2862485532	全国一级废话专家:转发微博	赞[0]	2020-07-16 22:57:34	来自vivo AI智慧拍照X21i
教父娱乐	:#吴亦凡发长文# #青簪行杀青#恭喜吴亦凡《青簪行》杀青！进组七个多月，横跨三个季节拍摄终于杀青了！期待吴亦凡演绎的睽王李舒白#吴亦凡青簪行# @Mr_凡先生 	2020-07-16 21:41:55    	柳枝已经发芽	6990472488	柳枝已经发芽:#吴亦凡青簪行#就等李舒白救命了，都快渴死了	赞[0]	2020-07-16 22:57:29	来自iPhone客户端
教父娱乐	:#吴亦凡发长文# #青簪行杀青#恭喜吴亦凡《青簪行》杀青！进组七个多月，横跨三个季节拍摄终于杀青了！期待吴亦凡演绎的睽王李舒白#吴亦凡青簪行# @Mr_凡先生 	2020-07-16 21:41:55    	安然暗饮花酒	5263646228	安然暗饮花酒:转发微博	赞[0]	2020-07-16 22:58:08	来自iPhone客户端
教父娱乐	:#吴亦凡发长文# #青簪行杀青#恭喜吴亦凡《青簪行》杀青！进组七个多月，横跨三个季节拍摄终于杀青了！期待吴亦凡演绎的睽王李舒白#吴亦凡青簪行# @Mr_凡先生 	2020-07-16 21:41:55    	费多的小果汁儿	6639189459	费多的小果汁儿:转发微博	赞[0]	2020-07-16 22:58:04	来自OPPO R15x
教父娱乐	:#吴亦凡发长文# #青簪行杀青#恭喜吴亦凡《青簪行》杀青！进组七个多月，横跨三个季节拍摄终于杀青了！期待吴亦凡演绎的睽王李舒白#吴亦凡青簪行# @Mr_凡先生 	2020-07-16 21:41:55    	吴恒恒der葡萄眼	5598512198	吴恒恒der葡萄眼:转发微博	赞[0]	2020-07-16 22:58:01	来自iPhone客户端
教父娱乐	:#吴亦凡发长文# #青簪行杀青#恭喜吴亦凡《青簪行》杀青！进组七个多月，横跨三个季节拍摄终于杀青了！期待吴亦凡演绎的睽王李舒白#吴亦凡青簪行# @Mr_凡先生 	2020-07-16 21:41:55    	-WzghcnJDN_	6112826734	-WzghcnJDN_:转发微博	赞[0]	2020-07-16 22:57:58	来自OPPO智能手机
教父娱乐	:#吴亦凡发长文# #青簪行杀青#恭喜吴亦凡《青簪行》杀青！进组七个多月，横跨三个季节拍摄终于杀青了！期待吴亦凡演绎的睽王李舒白#吴亦凡青簪行# @Mr_凡先生 	2020-07-16 21:41:55    	去快乐星球啊	6046004526	去快乐星球啊:恭喜吧	赞[0]	2020-07-16 22:58:23	来自vivo AI智慧拍照X21
教父娱乐	:#吴亦凡发长文# #青簪行杀青#恭喜吴亦凡《青簪行》杀青！进组七个多月，横跨三个季节拍摄终于杀青了！期待吴亦凡演绎的睽王李舒白#吴亦凡青簪行# @Mr_凡先生 	2020-07-16 21:41:55    	这就是一个生活号	5340072837	这就是一个生活号:#吴亦凡李舒白# 期待	赞[0]	2020-07-16 22:58:20	来自HUAWEI Mate 30
教父娱乐	:#吴亦凡发长文# #青簪行杀青#恭喜吴亦凡《青簪行》杀青！进组七个多月，横跨三个季节拍摄终于杀青了！期待吴亦凡演绎的睽王李舒白#吴亦凡青簪行# @Mr_凡先生 	2020-07-16 21:41:55    	李舒白的暌王妃	7364246388	李舒白的暌王妃:	赞[0]	2020-07-16 22:59:07	来自HUAWEI Mate 20 Pro
教父娱乐	:#吴亦凡发长文# #青簪行杀青#恭喜吴亦凡《青簪行》杀青！进组七个多月，横跨三个季节拍摄终于杀青了！期待吴亦凡演绎的睽王李舒白#吴亦凡青簪行# @Mr_凡先生 	2020-07-16 21:41:55    	我会永远记得你19901106	5849687949	我会永远记得你19901106:超级期待了	赞[0]	2020-07-16 22:59:05	来自HUAWEI P20
教父娱乐	:#吴亦凡发长文# #青簪行杀青#恭喜吴亦凡《青簪行》杀青！进组七个多月，横跨三个季节拍摄终于杀青了！期待吴亦凡演绎的睽王李舒白#吴亦凡青簪行# @Mr_凡先生 	2020-07-16 21:41:55    	皮皮卓6315300450	6315300450	皮皮卓6315300450:转发微博	赞[0]	2020-07-16 22:59:02	来自iPhone客户端
教父娱乐	:#吴亦凡发长文# #青簪行杀青#恭喜吴亦凡《青簪行》杀青！进组七个多月，横跨三个季节拍摄终于杀青了！期待吴亦凡演绎的睽王李舒白#吴亦凡青簪行# @Mr_凡先生 	2020-07-16 21:41:55    	网上神经多	2890865924	网上神经多://@仑子benben:太贴脸了 期待吴亦凡饰演的李舒白！	赞[0]	2020-07-16 22:58:39	来自小米5X 拍人更美
教父娱乐	:#吴亦凡发长文# #青簪行杀青#恭喜吴亦凡《青簪行》杀青！进组七个多月，横跨三个季节拍摄终于杀青了！期待吴亦凡演绎的睽王李舒白#吴亦凡青簪行# @Mr_凡先生 	2020-07-16 21:41:55    	KEEP假笑少年	godmankris	KEEP假笑少年://@豆沙BBQ:辛苦拍摄 期待演员吴亦凡作品 #吴亦凡李舒白#	赞[0]	2020-07-16 22:58:37	来自极光iPhone X
教父娱乐	:#吴亦凡发长文# #青簪行杀青#恭喜吴亦凡《青簪行》杀青！进组七个多月，横跨三个季节拍摄终于杀青了！期待吴亦凡演绎的睽王李舒白#吴亦凡青簪行# @Mr_凡先生 	2020-07-16 21:41:55    	串串好嗨森	5804517272	串串好嗨森://@豆沙BBQ:辛苦拍摄 期待演员吴亦凡作品 #吴亦凡李舒白# 	赞[0]	2020-07-16 22:58:36	来自iPhone客户端
教父娱乐	:#吴亦凡发长文# #青簪行杀青#恭喜吴亦凡《青簪行》杀青！进组七个多月，横跨三个季节拍摄终于杀青了！期待吴亦凡演绎的睽王李舒白#吴亦凡青簪行# @Mr_凡先生 	2020-07-16 21:41:55    	吴三岁呐呐	5253552475	吴三岁呐呐:#青簪行杀青# #吴亦凡李舒白#	赞[0]	2020-07-16 22:59:28	来自iPhone客户端
教父娱乐	:#吴亦凡发长文# #青簪行杀青#恭喜吴亦凡《青簪行》杀青！进组七个多月，横跨三个季节拍摄终于杀青了！期待吴亦凡演绎的睽王李舒白#吴亦凡青簪行# @Mr_凡先生 	2020-07-16 21:41:55    	傻瓜籽菁婷儿	5886507209	傻瓜籽菁婷儿:转发微博	赞[0]	2020-07-16 22:59:24	来自超话
教父娱乐	:#吴亦凡发长文# #青簪行杀青#恭喜吴亦凡《青簪行》杀青！进组七个多月，横跨三个季节拍摄终于杀青了！期待吴亦凡演绎的睽王李舒白#吴亦凡青簪行# @Mr_凡先生 	2020-07-16 21:41:55    	李舒白的暌王妃	7364246388	李舒白的暌王妃:期待李舒白！！原音啊啊啊啊啊啊啊啊啊啊啊啊啊啊啊啊啊啊啊	赞[0]	2020-07-16 22:59:19	来自HUAWEI Mate 20 Pro
教父娱乐	:#吴亦凡发长文# #青簪行杀青#恭喜吴亦凡《青簪行》杀青！进组七个多月，横跨三个季节拍摄终于杀青了！期待吴亦凡演绎的睽王李舒白#吴亦凡青簪行# @Mr_凡先生 	2020-07-16 21:41:55    	高贵的干饭路人	5643639464	高贵的干饭路人:皓天舒白日，灵景耀神州。天地之间风云起，抽丝剥茧谜底现。演员吴亦凡@Mr_凡先生 睽违归来，演绎惊世暌王李舒白。	赞[0]	2020-07-16 22:59:17	来自iPad客户端
教父娱乐	:#吴亦凡发长文# #青簪行杀青#恭喜吴亦凡《青簪行》杀青！进组七个多月，横跨三个季节拍摄终于杀青了！期待吴亦凡演绎的睽王李舒白#吴亦凡青簪行# @Mr_凡先生 	2020-07-16 21:41:55    	贪一点天光	3823671602	贪一点天光://@天天被吴亦凡秒杀: #吴亦凡李舒白# #电视剧青簪行[超话]#  精选热单人	赞[0]	2020-07-16 22:59:16	来自微博 weibo.com
教父娱乐	:#吴亦凡发长文# #青簪行杀青#恭喜吴亦凡《青簪行》杀青！进组七个多月，横跨三个季节拍摄终于杀青了！期待吴亦凡演绎的睽王李舒白#吴亦凡青簪行# @Mr_凡先生 	2020-07-16 21:41:55    	铮苏	2474791773	铮苏:转发微博	赞[0]	2020-07-16 22:59:09	来自🦁️iPhone客户端
教父娱乐	:#吴亦凡发长文# #青簪行杀青#恭喜吴亦凡《青簪行》杀青！进组七个多月，横跨三个季节拍摄终于杀青了！期待吴亦凡演绎的睽王李舒白#吴亦凡青簪行# @Mr_凡先生 	2020-07-16 21:41:55    	宇宙无敌小可爱28	6594421527	宇宙无敌小可爱28:恭喜	赞[0]	2020-07-16 22:59:44	来自Android
教父娱乐	:#吴亦凡发长文# #青簪行杀青#恭喜吴亦凡《青簪行》杀青！进组七个多月，横跨三个季节拍摄终于杀青了！期待吴亦凡演绎的睽王李舒白#吴亦凡青簪行# @Mr_凡先生 	2020-07-16 21:41:55    	韭菜爱饭	6878400681	韭菜爱饭:吴亦凡	赞[0]	2020-07-16 22:59:43	来自iPhone客户端
教父娱乐	:#吴亦凡发长文# #青簪行杀青#恭喜吴亦凡《青簪行》杀青！进组七个多月，横跨三个季节拍摄终于杀青了！期待吴亦凡演绎的睽王李舒白#吴亦凡青簪行# @Mr_凡先生 	2020-07-16 21:41:55    	W二人二土	5344571191	W二人二土:期待	赞[0]	2020-07-16 22:59:41	来自Android
教父娱乐	:#吴亦凡发长文# #青簪行杀青#恭喜吴亦凡《青簪行》杀青！进组七个多月，横跨三个季节拍摄终于杀青了！期待吴亦凡演绎的睽王李舒白#吴亦凡青簪行# @Mr_凡先生 	2020-07-16 21:41:55    	缺德鬼本人	5826347524	缺德鬼本人:转发微博	赞[0]	2020-07-16 22:59:34	来自OPPO智能手机
教父娱乐	:#吴亦凡发长文# #青簪行杀青#恭喜吴亦凡《青簪行》杀青！进组七个多月，横跨三个季节拍摄终于杀青了！期待吴亦凡演绎的睽王李舒白#吴亦凡青簪行# @Mr_凡先生 	2020-07-16 21:41:55    	Koni与Galaxy	3596931574	Koni与Galaxy:#吴亦凡青簪行# #吴亦凡李舒白# 期待吴亦凡	赞[0]	2020-07-16 22:59:34	来自nova5Pro人像超级夜景
教父娱乐	:#吴亦凡发长文# #青簪行杀青#恭喜吴亦凡《青簪行》杀青！进组七个多月，横跨三个季节拍摄终于杀青了！期待吴亦凡演绎的睽王李舒白#吴亦凡青簪行# @Mr_凡先生 	2020-07-16 21:41:55    	花生小松许	5940955667	花生小松许://@仑子benben:太贴脸了 期待吴亦凡饰演的李舒白！	赞[0]	2020-07-16 22:59:34	来自Android
教父娱乐	:#吴亦凡发长文# #青簪行杀青#恭喜吴亦凡《青簪行》杀青！进组七个多月，横跨三个季节拍摄终于杀青了！期待吴亦凡演绎的睽王李舒白#吴亦凡青簪行# @Mr_凡先生 	2020-07-16 21:41:55    	JULY的贰叁事	6409064138	JULY的贰叁事://@仑子benben:太贴脸了 期待吴亦凡饰演的李舒白！	赞[0]	2020-07-16 22:59:59	来自小米6X 拍人更美
教父娱乐	:#吴亦凡发长文# #青簪行杀青#恭喜吴亦凡《青簪行》杀青！进组七个多月，横跨三个季节拍摄终于杀青了！期待吴亦凡演绎的睽王李舒白#吴亦凡青簪行# @Mr_凡先生 	2020-07-16 21:41:55    	Vivian0502	6282753935	Vivian0502:#青簪行杀青# 期待吴亦凡李舒白	赞[0]	2020-07-16 22:59:58	来自iPad Pro
教父娱乐	:#吴亦凡发长文# #青簪行杀青#恭喜吴亦凡《青簪行》杀青！进组七个多月，横跨三个季节拍摄终于杀青了！期待吴亦凡演绎的睽王李舒白#吴亦凡青簪行# @Mr_凡先生 	2020-07-16 21:41:55    	每天喝拔杯水	7331180417	每天喝拔杯水:转发微博	赞[0]	2020-07-16 22:59:58	来自iPhone客户端
教父娱乐	:#吴亦凡发长文# #青簪行杀青#恭喜吴亦凡《青簪行》杀青！进组七个多月，横跨三个季节拍摄终于杀青了！期待吴亦凡演绎的睽王李舒白#吴亦凡青簪行# @Mr_凡先生 	2020-07-16 21:41:55    	好哒呀是的呢	5972923083	好哒呀是的呢:#吴亦凡李舒白# 	赞[0]	2020-07-16 22:59:57	来自Redmi Note 8 Pro四摄
教父娱乐	:#吴亦凡发长文# #青簪行杀青#恭喜吴亦凡《青簪行》杀青！进组七个多月，横跨三个季节拍摄终于杀青了！期待吴亦凡演绎的睽王李舒白#吴亦凡青簪行# @Mr_凡先生 	2020-07-16 21:41:55    	麻辣香锅和炸串	7311332453	麻辣香锅和炸串:期待吴亦凡	赞[0]	2020-07-16 22:59:51	来自iPhone客户端
教父娱乐	:#吴亦凡发长文# #青簪行杀青#恭喜吴亦凡《青簪行》杀青！进组七个多月，横跨三个季节拍摄终于杀青了！期待吴亦凡演绎的睽王李舒白#吴亦凡青簪行# @Mr_凡先生 	2020-07-16 21:41:55    	F_Mgn	5321490822	F_Mgn:恭喜杀青🎉 辛苦导演和剧组工作人员期待吴亦凡文能提笔安天下，武能挥剑斩乾坤，尊贵已极，繁华顶端，王爷秉轴持钧，是枢纽也是升华。青簪已行，天河将兴，敬请期待一番男主吴亦凡，恭迎睽王殿下李舒白@Mr_凡先生	赞[0]	2020-07-16 22:59:49	来自OPPO R15 梦镜版
教父娱乐	:#吴亦凡发长文# #青簪行杀青#恭喜吴亦凡《青簪行》杀青！进组七个多月，横跨三个季节拍摄终于杀青了！期待吴亦凡演绎的睽王李舒白#吴亦凡青簪行# @Mr_凡先生 	2020-07-16 21:41:55    	种花种草种白菜	5189184793	种花种草种白菜://@豆沙BBQ:辛苦拍摄 期待演员吴亦凡作品 #吴亦凡李舒白#	赞[0]	2020-07-16 23:00:21	来自小米6X 拍人更美
教父娱乐	:#吴亦凡发长文# #青簪行杀青#恭喜吴亦凡《青簪行》杀青！进组七个多月，横跨三个季节拍摄终于杀青了！期待吴亦凡演绎的睽王李舒白#吴亦凡青簪行# @Mr_凡先生 	2020-07-16 21:41:55    	芋圆贺南瓜饼甜	5560773825	芋圆贺南瓜饼甜:	赞[0]	2020-07-16 23:00:22	来自GalaxyiPhone客户端
教父娱乐	:#吴亦凡发长文# #青簪行杀青#恭喜吴亦凡《青簪行》杀青！进组七个多月，横跨三个季节拍摄终于杀青了！期待吴亦凡演绎的睽王李舒白#吴亦凡青簪行# @Mr_凡先生 	2020-07-16 21:41:55    	李舒白的暌王妃	7364246388	李舒白的暌王妃://@富察鲵大爷:#吴亦凡青簪行# 期待吴亦凡李舒白	赞[0]	2020-07-16 23:00:18	来自HUAWEI Mate 20 Pro
教父娱乐	:#吴亦凡发长文# #青簪行杀青#恭喜吴亦凡《青簪行》杀青！进组七个多月，横跨三个季节拍摄终于杀青了！期待吴亦凡演绎的睽王李舒白#吴亦凡青簪行# @Mr_凡先生 	2020-07-16 21:41:55    	芋圆贺南瓜饼甜	5560773825	芋圆贺南瓜饼甜:超级无敌期待了	赞[0]	2020-07-16 23:00:35	来自GalaxyiPhone客户端
教父娱乐	:#吴亦凡发长文# #青簪行杀青#恭喜吴亦凡《青簪行》杀青！进组七个多月，横跨三个季节拍摄终于杀青了！期待吴亦凡演绎的睽王李舒白#吴亦凡青簪行# @Mr_凡先生 	2020-07-16 21:41:55    	Tor小鱼儿	6785532384	Tor小鱼儿:扑朔迷离的恩怨情仇，不可窥知的命运羁绊，看尽天下江湖风起云涌，一切尽在掌握之中。期待吴亦凡，期待李舒白@Mr_凡先生	赞[0]	2020-07-16 23:00:32	来自OPPO随光而变R17
教父娱乐	:#吴亦凡发长文# #青簪行杀青#恭喜吴亦凡《青簪行》杀青！进组七个多月，横跨三个季节拍摄终于杀青了！期待吴亦凡演绎的睽王李舒白#吴亦凡青簪行# @Mr_凡先生 	2020-07-16 21:41:55    	我爱你笑颜如花的样子	6032608364	我爱你笑颜如花的样子:#吴亦凡[超话]#	赞[0]	2020-07-16 23:00:29	来自nova4e 3200W立体美颜
教父娱乐	:#吴亦凡发长文# #青簪行杀青#恭喜吴亦凡《青簪行》杀青！进组七个多月，横跨三个季节拍摄终于杀青了！期待吴亦凡演绎的睽王李舒白#吴亦凡青簪行# @Mr_凡先生 	2020-07-16 21:41:55    	20xx-kw奶酪	6323526882	20xx-kw奶酪:期待吴亦凡//@豆沙BBQ:辛苦拍摄 期待演员吴亦凡作品 #吴亦凡李舒白# 	赞[0]	2020-07-16 23:00:27	来自vivo
教父娱乐	:#吴亦凡发长文# #青簪行杀青#恭喜吴亦凡《青簪行》杀青！进组七个多月，横跨三个季节拍摄终于杀青了！期待吴亦凡演绎的睽王李舒白#吴亦凡青簪行# @Mr_凡先生 	2020-07-16 21:41:55    	小瘦子儿_	5672128372	小瘦子儿_://@豆沙BBQ:辛苦拍摄 期待演员吴亦凡作品 #吴亦凡李舒白#	赞[0]	2020-07-16 23:01:09	来自
教父娱乐	:#吴亦凡发长文# #青簪行杀青#恭喜吴亦凡《青簪行》杀青！进组七个多月，横跨三个季节拍摄终于杀青了！期待吴亦凡演绎的睽王李舒白#吴亦凡青簪行# @Mr_凡先生 	2020-07-16 21:41:55    	黛眉君画	6048264088	黛眉君画://@豆沙BBQ:辛苦拍摄 期待演员吴亦凡作品 #吴亦凡李舒白# 	赞[0]	2020-07-16 23:01:08	来自小米MIX 3 滑盖全面屏
教父娱乐	:#吴亦凡发长文# #青簪行杀青#恭喜吴亦凡《青簪行》杀青！进组七个多月，横跨三个季节拍摄终于杀青了！期待吴亦凡演绎的睽王李舒白#吴亦凡青簪行# @Mr_凡先生 	2020-07-16 21:41:55    	苍龙之心a	6120394592	苍龙之心a:#吴亦凡[超话]#	赞[0]	2020-07-16 23:01:00	来自HUAWEI P20
教父娱乐	:#吴亦凡发长文# #青簪行杀青#恭喜吴亦凡《青簪行》杀青！进组七个多月，横跨三个季节拍摄终于杀青了！期待吴亦凡演绎的睽王李舒白#吴亦凡青簪行# @Mr_凡先生 	2020-07-16 21:41:55    	焦糖拿铁雪冰	3881480539	焦糖拿铁雪冰:#吴亦凡李舒白# 雾散见「舒」云，星光映「白」月，红鱼惑人引谜案，玲珑巧思探人心，谎言说的再多也有被戳穿的时候，戏演的再像，也掩盖不了背后的肮脏，耐心等待只为揭开最终真相。睽家军前来报到，参见王爷@Mr_凡先生	赞[1]	2020-07-16 23:00:51	来自小米8 SE
教父娱乐	:#吴亦凡发长文# #青簪行杀青#恭喜吴亦凡《青簪行》杀青！进组七个多月，横跨三个季节拍摄终于杀青了！期待吴亦凡演绎的睽王李舒白#吴亦凡青簪行# @Mr_凡先生 	2020-07-16 21:41:55    	我是凡凡亲	3616523563	我是凡凡亲://@豆沙BBQ:辛苦拍摄 期待演员吴亦凡作品 #吴亦凡李舒白#	赞[0]	2020-07-16 23:00:49	来自iPhone客户端
教父娱乐	:#吴亦凡发长文# #青簪行杀青#恭喜吴亦凡《青簪行》杀青！进组七个多月，横跨三个季节拍摄终于杀青了！期待吴亦凡演绎的睽王李舒白#吴亦凡青簪行# @Mr_凡先生 	2020-07-16 21:41:55    	芋圆贺南瓜饼甜	5560773825	芋圆贺南瓜饼甜:吴亦凡厉害	赞[0]	2020-07-16 23:00:47	来自GalaxyiPhone客户端
教父娱乐	:#吴亦凡发长文# #青簪行杀青#恭喜吴亦凡《青簪行》杀青！进组七个多月，横跨三个季节拍摄终于杀青了！期待吴亦凡演绎的睽王李舒白#吴亦凡青簪行# @Mr_凡先生 	2020-07-16 21:41:55    	网上神经多	2890865924	网上神经多:剧的质量感觉还可以，希望对得起演员的付出了，特别是那位腰伤又复发的	赞[0]	2020-07-16 23:01:20	来自小米5X 拍人更美
教父娱乐	:#吴亦凡发长文# #青簪行杀青#恭喜吴亦凡《青簪行》杀青！进组七个多月，横跨三个季节拍摄终于杀青了！期待吴亦凡演绎的睽王李舒白#吴亦凡青簪行# @Mr_凡先生 	2020-07-16 21:41:55    	高贵的干饭路人	5643639464	高贵的干饭路人:皓天舒白日，灵景耀神州。天地之间风云起，抽丝剥茧谜底现。演员吴亦凡@Mr_凡先生 睽违归来，演绎惊世暌王李舒白。	赞[0]	2020-07-16 23:01:10	来自iPad客户端
教父娱乐	:#吴亦凡发长文# #青簪行杀青#恭喜吴亦凡《青簪行》杀青！进组七个多月，横跨三个季节拍摄终于杀青了！期待吴亦凡演绎的睽王李舒白#吴亦凡青簪行# @Mr_凡先生 	2020-07-16 21:41:55    	恰逢山有余	6992649027	恰逢山有余:#吴亦凡青簪行# 期待吴亦凡	赞[0]	2020-07-16 23:02:08	来自OPPO超视野全面屏R15
教父娱乐	:#吴亦凡发长文# #青簪行杀青#恭喜吴亦凡《青簪行》杀青！进组七个多月，横跨三个季节拍摄终于杀青了！期待吴亦凡演绎的睽王李舒白#吴亦凡青簪行# @Mr_凡先生 	2020-07-16 21:41:55    	恰逢山有余	6992649027	恰逢山有余:#吴亦凡李舒白#	赞[0]	2020-07-16 23:01:56	来自OPPO超视野全面屏R15
教父娱乐	:#吴亦凡发长文# #青簪行杀青#恭喜吴亦凡《青簪行》杀青！进组七个多月，横跨三个季节拍摄终于杀青了！期待吴亦凡演绎的睽王李舒白#吴亦凡青簪行# @Mr_凡先生 	2020-07-16 21:41:55    	温家老幺	5203902670	温家老幺://@豆沙BBQ:辛苦拍摄 期待演员吴亦凡作品 #吴亦凡李舒白#	赞[0]	2020-07-16 23:01:51	来自荣耀 Play4T
教父娱乐	:#吴亦凡发长文# #青簪行杀青#恭喜吴亦凡《青簪行》杀青！进组七个多月，横跨三个季节拍摄终于杀青了！期待吴亦凡演绎的睽王李舒白#吴亦凡青簪行# @Mr_凡先生 	2020-07-16 21:41:55    	恰逢山有余	6992649027	恰逢山有余:#吴亦凡青簪行#	赞[0]	2020-07-16 23:01:48	来自OPPO超视野全面屏R15
教父娱乐	:#吴亦凡发长文# #青簪行杀青#恭喜吴亦凡《青簪行》杀青！进组七个多月，横跨三个季节拍摄终于杀青了！期待吴亦凡演绎的睽王李舒白#吴亦凡青簪行# @Mr_凡先生 	2020-07-16 21:41:55    	安塔尔的小红帽	6296573983	安塔尔的小红帽:世有舒白，方不寂寞	赞[0]	2020-07-16 23:01:46	来自荣耀手机 勇敢做自己
教父娱乐	:#吴亦凡发长文# #青簪行杀青#恭喜吴亦凡《青簪行》杀青！进组七个多月，横跨三个季节拍摄终于杀青了！期待吴亦凡演绎的睽王李舒白#吴亦凡青簪行# @Mr_凡先生 	2020-07-16 21:41:55    	浪人速速退散	7272056612	浪人速速退散:#青簪行杀青# #吴亦凡李舒白# 	赞[0]	2020-07-16 23:01:45	来自红米Redmi
教父娱乐	:#吴亦凡发长文# #青簪行杀青#恭喜吴亦凡《青簪行》杀青！进组七个多月，横跨三个季节拍摄终于杀青了！期待吴亦凡演绎的睽王李舒白#吴亦凡青簪行# @Mr_凡先生 	2020-07-16 21:41:55    	不吃香菜鱼w	6034626668	不吃香菜鱼w:风起春灯暗，雨过流年伤。经世之才伴随诡谲谜团，搅动朝堂江湖乍起波澜，江南柳岸塞北沙，宫廷重闱天下动。匪夷所思悬案尽头，得见暌王李舒白@Mr_凡先生 命运沉浮。	赞[0]	2020-07-16 23:02:31	来自小凡宝贝Android
教父娱乐	:#吴亦凡发长文# #青簪行杀青#恭喜吴亦凡《青簪行》杀青！进组七个多月，横跨三个季节拍摄终于杀青了！期待吴亦凡演绎的睽王李舒白#吴亦凡青簪行# @Mr_凡先生 	2020-07-16 21:41:55    	Hola_li	7118649300	Hola_li://@豆沙BBQ:辛苦拍摄 期待演员吴亦凡作品 #吴亦凡李舒白#	赞[0]	2020-07-16 23:02:28	来自Android
教父娱乐	:#吴亦凡发长文# #青簪行杀青#恭喜吴亦凡《青簪行》杀青！进组七个多月，横跨三个季节拍摄终于杀青了！期待吴亦凡演绎的睽王李舒白#吴亦凡青簪行# @Mr_凡先生 	2020-07-16 21:41:55    	一只发财的猫	7398169776	一只发财的猫://@Dong曦子:世有舒白，方不寂寞。文能提笔安天下，武能挥剑斩乾坤，尊贵已极，繁华顶端，王爷秉轴持钧，是枢纽也是升华。恭迎暌王殿下，期待青簪行一番男主李舒白#青簪行吴亦凡# http://t.cn/A6yWe8Fq	赞[0]	2020-07-16 23:02:28	来自HUAWEI Mate 20 Pro
教父娱乐	:#吴亦凡发长文# #青簪行杀青#恭喜吴亦凡《青簪行》杀青！进组七个多月，横跨三个季节拍摄终于杀青了！期待吴亦凡演绎的睽王李舒白#吴亦凡青簪行# @Mr_凡先生 	2020-07-16 21:41:55    	元气森林的夏天	6860267344	元气森林的夏天:#吴亦凡青簪行#“世有舒白，方不寂寞” 一袭青色断乾坤，一骑铁马固江山，文可安邦，武可定国，翻手为云覆手为雨，山河长兴万古存！暌王李舒白@Mr_凡先生 ，你好呀！ 	赞[0]	2020-07-16 23:02:25	来自微博国际版
教父娱乐	:#吴亦凡发长文# #青簪行杀青#恭喜吴亦凡《青簪行》杀青！进组七个多月，横跨三个季节拍摄终于杀青了！期待吴亦凡演绎的睽王李舒白#吴亦凡青簪行# @Mr_凡先生 	2020-07-16 21:41:55    	低谷只不过一刹那	2092599795	低谷只不过一刹那:期待吴亦凡的李舒白@Mr_凡先生	赞[1]	2020-07-16 23:02:24	来自吴亦凡送的Android
教父娱乐	:#吴亦凡发长文# #青簪行杀青#恭喜吴亦凡《青簪行》杀青！进组七个多月，横跨三个季节拍摄终于杀青了！期待吴亦凡演绎的睽王李舒白#吴亦凡青簪行# @Mr_凡先生 	2020-07-16 21:41:55    	吴亦凡是小宝宝啊	7324091344	吴亦凡是小宝宝啊:杀青快乐吴亦凡	赞[0]	2020-07-16 23:02:40	来自荣耀 9X PRO
教父娱乐	:#吴亦凡发长文# #青簪行杀青#恭喜吴亦凡《青簪行》杀青！进组七个多月，横跨三个季节拍摄终于杀青了！期待吴亦凡演绎的睽王李舒白#吴亦凡青簪行# @Mr_凡先生 	2020-07-16 21:41:55    	吾心随凡	5945358843	吾心随凡:转发微博	赞[0]	2020-07-16 23:02:33	来自OPPO A5
教父娱乐	:#吴亦凡发长文# #青簪行杀青#恭喜吴亦凡《青簪行》杀青！进组七个多月，横跨三个季节拍摄终于杀青了！期待吴亦凡演绎的睽王李舒白#吴亦凡青簪行# @Mr_凡先生 	2020-07-16 21:41:55    	丶你亲爹	6001093077	丶你亲爹:转发微博	赞[0]	2020-07-16 23:03:07	来自Android
教父娱乐	:#吴亦凡发长文# #青簪行杀青#恭喜吴亦凡《青簪行》杀青！进组七个多月，横跨三个季节拍摄终于杀青了！期待吴亦凡演绎的睽王李舒白#吴亦凡青簪行# @Mr_凡先生 	2020-07-16 21:41:55    	煎蛋侠99	6026129311	煎蛋侠99:#吴亦凡李舒白#      世有舒白方不寂寞，期待@Mr_凡先生 的李舒白	赞[0]	2020-07-16 23:03:04	来自OPPO A11n
教父娱乐	:#吴亦凡发长文# #青簪行杀青#恭喜吴亦凡《青簪行》杀青！进组七个多月，横跨三个季节拍摄终于杀青了！期待吴亦凡演绎的睽王李舒白#吴亦凡青簪行# @Mr_凡先生 	2020-07-16 21:41:55    	元气森林的夏天	6860267344	元气森林的夏天:雾散见「舒」云，星光映「白」月，红鱼惑人引谜案，玲珑巧思探人心，谎言说的再多也有被戳穿的时候，戏演的再像，也掩盖不了背后的肮脏，耐心等待只为揭开最终真相。睽家军前来报到，参见王爷@Mr_凡先生	赞[0]	2020-07-16 23:03:00	来自微博国际版
教父娱乐	:#吴亦凡发长文# #青簪行杀青#恭喜吴亦凡《青簪行》杀青！进组七个多月，横跨三个季节拍摄终于杀青了！期待吴亦凡演绎的睽王李舒白#吴亦凡青簪行# @Mr_凡先生 	2020-07-16 21:41:55    	久川枫	6277597721	久川枫:转发微博	赞[0]	2020-07-16 23:02:54	来自蓝色星球Android
教父娱乐	:#吴亦凡发长文# #青簪行杀青#恭喜吴亦凡《青簪行》杀青！进组七个多月，横跨三个季节拍摄终于杀青了！期待吴亦凡演绎的睽王李舒白#吴亦凡青簪行# @Mr_凡先生 	2020-07-16 21:41:55    	网上神经多	2890865924	网上神经多:#吴亦凡[超话]##吴亦凡青簪行# #青簪行杀青#还是恭喜啦 //@网上神经多:剧的质量感觉还可以，希望对得起演员的付出了，特别是那位腰伤又复发的	赞[0]	2020-07-16 23:03:32	来自小米5X 拍人更美
教父娱乐	:#吴亦凡发长文# #青簪行杀青#恭喜吴亦凡《青簪行》杀青！进组七个多月，横跨三个季节拍摄终于杀青了！期待吴亦凡演绎的睽王李舒白#吴亦凡青簪行# @Mr_凡先生 	2020-07-16 21:41:55    	子书不繁	5409766346	子书不繁:转发微博	赞[0]	2020-07-16 23:03:28	来自Android
教父娱乐	:#吴亦凡发长文# #青簪行杀青#恭喜吴亦凡《青簪行》杀青！进组七个多月，横跨三个季节拍摄终于杀青了！期待吴亦凡演绎的睽王李舒白#吴亦凡青簪行# @Mr_凡先生 	2020-07-16 21:41:55    	小小桐舒	1975248954	小小桐舒:期待李舒白	赞[0]	2020-07-16 23:03:21	来自nova5Pro人像超级夜景
教父娱乐	:#吴亦凡发长文# #青簪行杀青#恭喜吴亦凡《青簪行》杀青！进组七个多月，横跨三个季节拍摄终于杀青了！期待吴亦凡演绎的睽王李舒白#吴亦凡青簪行# @Mr_凡先生 	2020-07-16 21:41:55    	一定一定要有期望	6294858040	一定一定要有期望:走起//@Dong曦子:世有舒白，方不寂寞。文能提笔安天下，武能挥剑斩乾坤，尊贵已极，繁华顶端，王爷秉轴持钧，是枢纽也是升华。恭迎暌王殿下，期待青簪行一番男主李舒白#青簪行吴亦凡# http://t.cn/A6yWe8Fq	赞[0]	2020-07-16 23:03:45	来自nova5Pro人像超级夜景
教父娱乐	:#吴亦凡发长文# #青簪行杀青#恭喜吴亦凡《青簪行》杀青！进组七个多月，横跨三个季节拍摄终于杀青了！期待吴亦凡演绎的睽王李舒白#吴亦凡青簪行# @Mr_凡先生 	2020-07-16 21:41:55    	galaxyNiniyang	1790549603	galaxyNiniyang:#青簪行杀青# #吴亦凡李舒白#  期待吴亦凡的李舒白@Mr_凡先生 	赞[0]	2020-07-16 23:03:44	来自HUAWEI Mate 20
教父娱乐	:#吴亦凡发长文# #青簪行杀青#恭喜吴亦凡《青簪行》杀青！进组七个多月，横跨三个季节拍摄终于杀青了！期待吴亦凡演绎的睽王李舒白#吴亦凡青簪行# @Mr_凡先生 	2020-07-16 21:41:55    	天空Ttttttttt123	5474684947	天空Ttttttttt123:轉發微博	赞[0]	2020-07-16 23:04:15	来自iPhone客户端
教父娱乐	:#吴亦凡发长文# #青簪行杀青#恭喜吴亦凡《青簪行》杀青！进组七个多月，横跨三个季节拍摄终于杀青了！期待吴亦凡演绎的睽王李舒白#吴亦凡青簪行# @Mr_凡先生 	2020-07-16 21:41:55    	乐_68773	5548368227	乐_68773:转发微博	赞[0]	2020-07-16 23:04:14	来自HUAWEI Mate 30
教父娱乐	:#吴亦凡发长文# #青簪行杀青#恭喜吴亦凡《青簪行》杀青！进组七个多月，横跨三个季节拍摄终于杀青了！期待吴亦凡演绎的睽王李舒白#吴亦凡青簪行# @Mr_凡先生 	2020-07-16 21:41:55    	Me1odrama	6094623658	Me1odrama://@Dong曦子:世有舒白，方不寂寞。文能提笔安天下，武能挥剑斩乾坤，尊贵已极，繁华顶端，王爷秉轴持钧，是枢纽也是升华。恭迎暌王殿下，期待青簪行一番男主李舒白#青簪行吴亦凡# http://t.cn/A6yWe8Fq	赞[0]	2020-07-16 23:04:13	来自小米8青春版 潮流旗舰
教父娱乐	:#吴亦凡发长文# #青簪行杀青#恭喜吴亦凡《青簪行》杀青！进组七个多月，横跨三个季节拍摄终于杀青了！期待吴亦凡演绎的睽王李舒白#吴亦凡青簪行# @Mr_凡先生 	2020-07-16 21:41:55    	影影杨子15	5890566391	影影杨子15:转发微博	赞[0]	2020-07-16 23:04:11	来自小米Note 3 拍人更美
教父娱乐	:#吴亦凡发长文# #青簪行杀青#恭喜吴亦凡《青簪行》杀青！进组七个多月，横跨三个季节拍摄终于杀青了！期待吴亦凡演绎的睽王李舒白#吴亦凡青簪行# @Mr_凡先生 	2020-07-16 21:41:55    	一定一定要有期望	6294858040	一定一定要有期望:恭喜哥哥//@W是安笙呐:恭喜杀青🎉 雾散见「舒」云，星光映「白」月，红鱼惑人引谜案，玲珑巧思探人心，青簪官宣，暌王归来。谎言说的再多也有被戳穿的时候，戏演的再像，也掩盖不了背后的肮脏，耐心等待只为揭开最终真相。暌家军前来报到，参见王爷@Mr_凡先生	赞[0]	2020-07-16 23:04:09	来自nova5Pro人像超级夜景
教父娱乐	:#吴亦凡发长文# #青簪行杀青#恭喜吴亦凡《青簪行》杀青！进组七个多月，横跨三个季节拍摄终于杀青了！期待吴亦凡演绎的睽王李舒白#吴亦凡青簪行# @Mr_凡先生 	2020-07-16 21:41:55    	_寺贝通津_	3752356482	_寺贝通津_:转发微博	赞[0]	2020-07-16 23:04:08	来自Redmi Note 8 Pro四摄
教父娱乐	:#吴亦凡发长文# #青簪行杀青#恭喜吴亦凡《青簪行》杀青！进组七个多月，横跨三个季节拍摄终于杀青了！期待吴亦凡演绎的睽王李舒白#吴亦凡青簪行# @Mr_凡先生 	2020-07-16 21:41:55    	澈皌	6878476853	澈皌:#吴亦凡李舒白# //@豆沙BBQ:辛苦拍摄 期待演员吴亦凡作品 #吴亦凡李舒白#	赞[0]	2020-07-16 23:04:02	来自vivo智能手机
教父娱乐	:#吴亦凡发长文# #青簪行杀青#恭喜吴亦凡《青簪行》杀青！进组七个多月，横跨三个季节拍摄终于杀青了！期待吴亦凡演绎的睽王李舒白#吴亦凡青簪行# @Mr_凡先生 	2020-07-16 21:41:55    	P_KWaiii	1719855585	P_KWaiii:解脱了	赞[0]	2020-07-16 23:04:43	来自nova 5z
教父娱乐	:#吴亦凡发长文# #青簪行杀青#恭喜吴亦凡《青簪行》杀青！进组七个多月，横跨三个季节拍摄终于杀青了！期待吴亦凡演绎的睽王李舒白#吴亦凡青簪行# @Mr_凡先生 	2020-07-16 21:41:55    	猫無耳	3107410541	猫無耳:雾散见「舒」云，星光映「白」月，红鱼惑人引谜案，玲珑巧思探人心，谎言说的再多也有被戳穿的时候，戏演的再像，也掩盖不了背后的肮脏，耐心等待只为揭开最终真相。睽家军前来报到，参见王爷@Mr_凡先生	赞[0]	2020-07-16 23:04:38	来自iPhone客户端
教父娱乐	:#吴亦凡发长文# #青簪行杀青#恭喜吴亦凡《青簪行》杀青！进组七个多月，横跨三个季节拍摄终于杀青了！期待吴亦凡演绎的睽王李舒白#吴亦凡青簪行# @Mr_凡先生 	2020-07-16 21:41:55    	都怪蛋黄君	6339520556	都怪蛋黄君:转发微博	赞[0]	2020-07-16 23:04:38	来自iPhone客户端
教父娱乐	:#吴亦凡发长文# #青簪行杀青#恭喜吴亦凡《青簪行》杀青！进组七个多月，横跨三个季节拍摄终于杀青了！期待吴亦凡演绎的睽王李舒白#吴亦凡青簪行# @Mr_凡先生 	2020-07-16 21:41:55    	鹤行行	6438757390	鹤行行:起早贪黑8个月！恭喜演员@Mr_凡先生  杀青大吉！期待吴亦凡抽丝剥茧，智破奇案！“世有舒白，方不寂寞” 期待李舒白@Mr_凡先生 #吴亦凡发长文# 	赞[0]	2020-07-16 23:04:24	来自HUAWEI Mate30 Pro 5G
教父娱乐	:#吴亦凡发长文# #青簪行杀青#恭喜吴亦凡《青簪行》杀青！进组七个多月，横跨三个季节拍摄终于杀青了！期待吴亦凡演绎的睽王李舒白#吴亦凡青簪行# @Mr_凡先生 	2020-07-16 21:41:55    	20xx-爱学习的培根	6620103848	20xx-爱学习的培根:恭喜杀青！	赞[0]	2020-07-16 23:05:14	来自荣耀10青春版
教父娱乐	:#吴亦凡发长文# #青簪行杀青#恭喜吴亦凡《青簪行》杀青！进组七个多月，横跨三个季节拍摄终于杀青了！期待吴亦凡演绎的睽王李舒白#吴亦凡青簪行# @Mr_凡先生 	2020-07-16 21:41:55    	Me1odrama	6094623658	Me1odrama:恭喜凡哥杀青，期待新剧青簪行	赞[0]	2020-07-16 23:05:07	来自小米8青春版 潮流旗舰
教父娱乐	:#吴亦凡发长文# #青簪行杀青#恭喜吴亦凡《青簪行》杀青！进组七个多月，横跨三个季节拍摄终于杀青了！期待吴亦凡演绎的睽王李舒白#吴亦凡青簪行# @Mr_凡先生 	2020-07-16 21:41:55    	shelley0_0	5511344417	shelley0_0:恭喜吴亦凡杀青	赞[0]	2020-07-16 23:05:03	来自iPhone 11
教父娱乐	:#吴亦凡发长文# #青簪行杀青#恭喜吴亦凡《青簪行》杀青！进组七个多月，横跨三个季节拍摄终于杀青了！期待吴亦凡演绎的睽王李舒白#吴亦凡青簪行# @Mr_凡先生 	2020-07-16 21:41:55    	juice__fan	5416309378	juice__fan:#青簪行杀青# 期待吴亦凡//@豆沙BBQ:辛苦拍摄 期待演员吴亦凡作品 #吴亦凡李舒白# 	赞[0]	2020-07-16 23:04:57	来自Android
教父娱乐	:#吴亦凡发长文# #青簪行杀青#恭喜吴亦凡《青簪行》杀青！进组七个多月，横跨三个季节拍摄终于杀青了！期待吴亦凡演绎的睽王李舒白#吴亦凡青簪行# @Mr_凡先生 	2020-07-16 21:41:55    	石榴石榴石榴哇	5022358377	石榴石榴石榴哇://@天天被吴亦凡秒杀:#吴亦凡李舒白# #电视剧青簪行[超话]# 精选热单人	赞[0]	2020-07-16 23:04:53	来自美图T9我的智能摄影师
教父娱乐	:#吴亦凡发长文# #青簪行杀青#恭喜吴亦凡《青簪行》杀青！进组七个多月，横跨三个季节拍摄终于杀青了！期待吴亦凡演绎的睽王李舒白#吴亦凡青簪行# @Mr_凡先生 	2020-07-16 21:41:55    	饭饭奶乎乎	5768390429	饭饭奶乎乎://@小松许饭饭:期待吴亦凡//@豆沙BBQ:辛苦拍摄 期待演员吴亦凡作品 #吴亦凡李舒白#	赞[0]	2020-07-16 23:04:49	来自
教父娱乐	:#吴亦凡发长文# #青簪行杀青#恭喜吴亦凡《青簪行》杀青！进组七个多月，横跨三个季节拍摄终于杀青了！期待吴亦凡演绎的睽王李舒白#吴亦凡青簪行# @Mr_凡先生 	2020-07-16 21:41:55    	吴三岁呐呐	5253552475	吴三岁呐呐:期待吴亦凡#青簪行杀青# #吴亦凡李舒白#	赞[0]	2020-07-16 23:05:50	来自iPhone客户端
教父娱乐	:#吴亦凡发长文# #青簪行杀青#恭喜吴亦凡《青簪行》杀青！进组七个多月，横跨三个季节拍摄终于杀青了！期待吴亦凡演绎的睽王李舒白#吴亦凡青簪行# @Mr_凡先生 	2020-07-16 21:41:55    	可能是杯珍珠奶茶_	5022989164	可能是杯珍珠奶茶_:期待吴亦凡饰演的李舒白	赞[0]	2020-07-16 23:05:44	来自iPhone客户端
教父娱乐	:#吴亦凡发长文# #青簪行杀青#恭喜吴亦凡《青簪行》杀青！进组七个多月，横跨三个季节拍摄终于杀青了！期待吴亦凡演绎的睽王李舒白#吴亦凡青簪行# @Mr_凡先生 	2020-07-16 21:41:55    	嘉绒白雪10376	6437872678	嘉绒白雪10376:转发微博	赞[0]	2020-07-16 23:05:26	来自OPPO R9s
教父娱乐	:#吴亦凡发长文# #青簪行杀青#恭喜吴亦凡《青簪行》杀青！进组七个多月，横跨三个季节拍摄终于杀青了！期待吴亦凡演绎的睽王李舒白#吴亦凡青簪行# @Mr_凡先生 	2020-07-16 21:41:55    	刀片真	6395267439	刀片真://@豆沙BBQ:辛苦拍摄 期待演员吴亦凡作品 #吴亦凡李舒白#	赞[0]	2020-07-16 23:05:27	来自iPad air
教父娱乐	:#吴亦凡发长文# #青簪行杀青#恭喜吴亦凡《青簪行》杀青！进组七个多月，横跨三个季节拍摄终于杀青了！期待吴亦凡演绎的睽王李舒白#吴亦凡青簪行# @Mr_凡先生 	2020-07-16 21:41:55    	下一次长高3厘米	5564639567	下一次长高3厘米:#吴亦凡李舒白#	赞[0]	2020-07-16 23:06:36	来自vivo智能手机
教父娱乐	:#吴亦凡发长文# #青簪行杀青#恭喜吴亦凡《青簪行》杀青！进组七个多月，横跨三个季节拍摄终于杀青了！期待吴亦凡演绎的睽王李舒白#吴亦凡青簪行# @Mr_凡先生 	2020-07-16 21:41:55    	城与_海	6574748707	城与_海:转发微博	赞[0]	2020-07-16 23:06:27	来自荣耀30S 5G 美由芯生
教父娱乐	:#吴亦凡发长文# #青簪行杀青#恭喜吴亦凡《青簪行》杀青！进组七个多月，横跨三个季节拍摄终于杀青了！期待吴亦凡演绎的睽王李舒白#吴亦凡青簪行# @Mr_凡先生 	2020-07-16 21:41:55    	51f的妮	347999507	51f的妮:转发微博	赞[0]	2020-07-16 23:06:06	来自OPPO A11x
教父娱乐	:#吴亦凡发长文# #青簪行杀青#恭喜吴亦凡《青簪行》杀青！进组七个多月，横跨三个季节拍摄终于杀青了！期待吴亦凡演绎的睽王李舒白#吴亦凡青簪行# @Mr_凡先生 	2020-07-16 21:41:55    	芃芃2018_10258	6826936596	芃芃2018_10258:转发微博	赞[0]	2020-07-16 23:07:26	来自HUAWEI Mate 30 5G
教父娱乐	:#吴亦凡发长文# #青簪行杀青#恭喜吴亦凡《青簪行》杀青！进组七个多月，横跨三个季节拍摄终于杀青了！期待吴亦凡演绎的睽王李舒白#吴亦凡青簪行# @Mr_凡先生 	2020-07-16 21:41:55    	娴煎蛋	1834878214	娴煎蛋://@沉淀星:期待吴亦凡的李舒白，期待全心投入的第一部电视剧。	赞[0]	2020-07-16 23:07:12	来自Android
教父娱乐	:#吴亦凡发长文# #青簪行杀青#恭喜吴亦凡《青簪行》杀青！进组七个多月，横跨三个季节拍摄终于杀青了！期待吴亦凡演绎的睽王李舒白#吴亦凡青簪行# @Mr_凡先生 	2020-07-16 21:41:55    	壹壹零陆1106	6112926497	壹壹零陆1106://@豆沙BBQ:辛苦拍摄 期待演员吴亦凡作品 #吴亦凡李舒白#	赞[0]	2020-07-16 23:07:07	来自全屏双摄 OPPO A5
教父娱乐	:#吴亦凡发长文# #青簪行杀青#恭喜吴亦凡《青簪行》杀青！进组七个多月，横跨三个季节拍摄终于杀青了！期待吴亦凡演绎的睽王李舒白#吴亦凡青簪行# @Mr_凡先生 	2020-07-16 21:41:55    	娴煎蛋	1834878214	娴煎蛋://@流闫:#青簪行杀青# 期待#吴亦凡李舒白#	赞[0]	2020-07-16 23:06:59	来自Android
教父娱乐	:#吴亦凡发长文# #青簪行杀青#恭喜吴亦凡《青簪行》杀青！进组七个多月，横跨三个季节拍摄终于杀青了！期待吴亦凡演绎的睽王李舒白#吴亦凡青簪行# @Mr_凡先生 	2020-07-16 21:41:55    	dreamhanhan	5198051179	dreamhanhan:期待@Mr_凡先生	赞[0]	2020-07-16 23:08:10	来自iPhone客户端
教父娱乐	:#吴亦凡发长文# #青簪行杀青#恭喜吴亦凡《青簪行》杀青！进组七个多月，横跨三个季节拍摄终于杀青了！期待吴亦凡演绎的睽王李舒白#吴亦凡青簪行# @Mr_凡先生 	2020-07-16 21:41:55    	是个泡面丸子头	7422103557	是个泡面丸子头://@草莓牛奶噗噜噜 :“世有舒白，方不寂寞”一袭青色断乾坤，一骑铁马固江山，文可安邦，武可定国，翻手为云覆手为雨，山河长兴万古存！睽王李舒白@Mr_凡先生 ，你好呀！	赞[0]	2020-07-16 23:08:06	来自微博国际版
教父娱乐	:#吴亦凡发长文# #青簪行杀青#恭喜吴亦凡《青簪行》杀青！进组七个多月，横跨三个季节拍摄终于杀青了！期待吴亦凡演绎的睽王李舒白#吴亦凡青簪行# @Mr_凡先生 	2020-07-16 21:41:55    	X-C-L6	3697273223	X-C-L6:期待@Mr_凡先生 //@豆沙BBQ:辛苦拍摄 期待演员吴亦凡作品 #吴亦凡李舒白# 	赞[0]	2020-07-16 23:08:03	来自
教父娱乐	:#吴亦凡发长文# #青簪行杀青#恭喜吴亦凡《青簪行》杀青！进组七个多月，横跨三个季节拍摄终于杀青了！期待吴亦凡演绎的睽王李舒白#吴亦凡青簪行# @Mr_凡先生 	2020-07-16 21:41:55    	是个泡面丸子头	7422103557	是个泡面丸子头:期待李舒白#青簪行杀青#	赞[0]	2020-07-16 23:07:53	来自微博国际版
教父娱乐	:#吴亦凡发长文# #青簪行杀青#恭喜吴亦凡《青簪行》杀青！进组七个多月，横跨三个季节拍摄终于杀青了！期待吴亦凡演绎的睽王李舒白#吴亦凡青簪行# @Mr_凡先生 	2020-07-16 21:41:55    	夜航飞行殊途	3947996339	夜航飞行殊途:超级期待	赞[0]	2020-07-16 23:07:50	来自iPhone客户端
教父娱乐	:#吴亦凡发长文# #青簪行杀青#恭喜吴亦凡《青簪行》杀青！进组七个多月，横跨三个季节拍摄终于杀青了！期待吴亦凡演绎的睽王李舒白#吴亦凡青簪行# @Mr_凡先生 	2020-07-16 21:41:55    	豆豆kris	2438171322	豆豆kris:转发微博	赞[0]	2020-07-16 23:07:41	来自HUAWEI P30
教父娱乐	:#吴亦凡发长文# #青簪行杀青#恭喜吴亦凡《青簪行》杀青！进组七个多月，横跨三个季节拍摄终于杀青了！期待吴亦凡演绎的睽王李舒白#吴亦凡青簪行# @Mr_凡先生 	2020-07-16 21:41:55    	叨不叨夏天热成炸鸡	1622353767	叨不叨夏天热成炸鸡:李舒白啊！你这是要我命吗	赞[0]	2020-07-16 23:07:33	来自Android
教父娱乐	:#吴亦凡发长文# #青簪行杀青#恭喜吴亦凡《青簪行》杀青！进组七个多月，横跨三个季节拍摄终于杀青了！期待吴亦凡演绎的睽王李舒白#吴亦凡青簪行# @Mr_凡先生 	2020-07-16 21:41:55    	-魔法少女--	5198723619	-魔法少女--:风起春灯暗，雨过流年伤。经世之才伴随诡谲谜团，搅动朝堂江湖乍起波澜，江南柳岸塞北沙，宫廷重闱天下动。匪夷所思悬案尽头，得见暌王李舒白@Mr_凡先生 命运沉浮。	赞[0]	2020-07-16 23:08:34	来自iPhone客户端
教父娱乐	:#吴亦凡发长文# #青簪行杀青#恭喜吴亦凡《青簪行》杀青！进组七个多月，横跨三个季节拍摄终于杀青了！期待吴亦凡演绎的睽王李舒白#吴亦凡青簪行# @Mr_凡先生 	2020-07-16 21:41:55    	是个泡面丸子头	7422103557	是个泡面丸子头:“世有舒白，方不寂寞”一袭青色断乾坤，一骑铁马固江山，文可安邦，武可定国，翻手为云覆手为雨，山河长兴万古存！睽王李舒白@Mr_凡先生 ，你好呀！ 	赞[0]	2020-07-16 23:08:17	来自微博国际版
教父娱乐	:#吴亦凡发长文# #青簪行杀青#恭喜吴亦凡《青簪行》杀青！进组七个多月，横跨三个季节拍摄终于杀青了！期待吴亦凡演绎的睽王李舒白#吴亦凡青簪行# @Mr_凡先生 	2020-07-16 21:41:55    	小小k先生	6035808260	小小k先生://@豆沙BBQ:辛苦拍摄 期待演员吴亦凡作品 #吴亦凡李舒白#	赞[0]	2020-07-16 23:09:50	来自小米6X 拍人更美
教父娱乐	:#吴亦凡发长文# #青簪行杀青#恭喜吴亦凡《青簪行》杀青！进组七个多月，横跨三个季节拍摄终于杀青了！期待吴亦凡演绎的睽王李舒白#吴亦凡青簪行# @Mr_凡先生 	2020-07-16 21:41:55    	是个泡面丸子头	7422103557	是个泡面丸子头:世有舒白，方不寂寞。文能提笔安天下，武能挥剑斩乾坤，尊贵已极，繁华顶端，王爷秉轴持钧，是枢纽也是升华。恭迎暌王殿下，期待青簪行一番男主李舒白#青簪行吴亦凡# 	赞[0]	2020-07-16 23:09:42	来自微博国际版
教父娱乐	:#吴亦凡发长文# #青簪行杀青#恭喜吴亦凡《青簪行》杀青！进组七个多月，横跨三个季节拍摄终于杀青了！期待吴亦凡演绎的睽王李舒白#吴亦凡青簪行# @Mr_凡先生 	2020-07-16 21:41:55    	20XX·凡人歌斯拉	1766169975	20XX·凡人歌斯拉:#吴亦凡李舒白# //@沉淀星:期待吴亦凡的李舒白，期待全心投入的第一部电视剧。	赞[0]	2020-07-16 23:09:41	来自iPhone客户端
教父娱乐	:#吴亦凡发长文# #青簪行杀青#恭喜吴亦凡《青簪行》杀青！进组七个多月，横跨三个季节拍摄终于杀青了！期待吴亦凡演绎的睽王李舒白#吴亦凡青簪行# @Mr_凡先生 	2020-07-16 21:41:55    	GalaxyYingenue	1767686893	GalaxyYingenue://@天天被吴亦凡秒杀:#吴亦凡李舒白# #电视剧青簪行[超话]# 精选热单人	赞[0]	2020-07-16 23:09:32	来自iPhone客户端
教父娱乐	:#吴亦凡发长文# #青簪行杀青#恭喜吴亦凡《青簪行》杀青！进组七个多月，横跨三个季节拍摄终于杀青了！期待吴亦凡演绎的睽王李舒白#吴亦凡青簪行# @Mr_凡先生 	2020-07-16 21:41:55    	叫我蔷薇好了	3591197874	叫我蔷薇好了:#吴亦凡[超话]##青簪行杀青# 	赞[0]	2020-07-16 23:09:25	来自HUAWEI P10 Plus
教父娱乐	:#吴亦凡发长文# #青簪行杀青#恭喜吴亦凡《青簪行》杀青！进组七个多月，横跨三个季节拍摄终于杀青了！期待吴亦凡演绎的睽王李舒白#吴亦凡青簪行# @Mr_凡先生 	2020-07-16 21:41:55    	全世界最可爱的小鸡嘴	2883776140	全世界最可爱的小鸡嘴:雾散见「舒」云，星光映「白」月，红鱼惑人引谜案，玲珑巧思探人心，青簪官宣，暌王归来。谎言说的再多也有被戳穿的时候，戏演的再像，也掩盖不了背后的肮脏，耐心等待只为揭开最终真相。暌家军前来报到，参见王爷@Mr_凡先生	赞[0]	2020-07-16 23:08:51	来自
教父娱乐	:#吴亦凡发长文# #青簪行杀青#恭喜吴亦凡《青簪行》杀青！进组七个多月，横跨三个季节拍摄终于杀青了！期待吴亦凡演绎的睽王李舒白#吴亦凡青簪行# @Mr_凡先生 	2020-07-16 21:41:55    	芝士多肉葡萄三分糖呀	5190495495	芝士多肉葡萄三分糖呀:转发微博	赞[0]	2020-07-16 23:10:27	来自小米5X 拍人更美
教父娱乐	:#吴亦凡发长文# #青簪行杀青#恭喜吴亦凡《青簪行》杀青！进组七个多月，横跨三个季节拍摄终于杀青了！期待吴亦凡演绎的睽王李舒白#吴亦凡青簪行# @Mr_凡先生 	2020-07-16 21:41:55    	多一横才是你	6144306649	多一横才是你:期待轻喜剧！太喜欢吴亦凡饰演的李舒白	赞[0]	2020-07-16 23:10:25	来自Android
教父娱乐	:#吴亦凡发长文# #青簪行杀青#恭喜吴亦凡《青簪行》杀青！进组七个多月，横跨三个季节拍摄终于杀青了！期待吴亦凡演绎的睽王李舒白#吴亦凡青簪行# @Mr_凡先生 	2020-07-16 21:41:55    	LtLt大海	7306448045	LtLt大海:期待吴亦凡	赞[0]	2020-07-16 23:10:22	来自iPhone客户端
教父娱乐	:#吴亦凡发长文# #青簪行杀青#恭喜吴亦凡《青簪行》杀青！进组七个多月，横跨三个季节拍摄终于杀青了！期待吴亦凡演绎的睽王李舒白#吴亦凡青簪行# @Mr_凡先生 	2020-07-16 21:41:55    	小小k先生	6035808260	小小k先生:#吴亦凡李舒白#	赞[0]	2020-07-16 23:10:12	来自小米6X 拍人更美
教父娱乐	:#吴亦凡发长文# #青簪行杀青#恭喜吴亦凡《青簪行》杀青！进组七个多月，横跨三个季节拍摄终于杀青了！期待吴亦凡演绎的睽王李舒白#吴亦凡青簪行# @Mr_凡先生 	2020-07-16 21:41:55    	银海aka	3861338563	银海aka:#吴亦凡李舒白# #吴亦凡青簪行# 好期待	赞[0]	2020-07-16 23:10:11	来自iPhone客户端
教父娱乐	:#吴亦凡发长文# #青簪行杀青#恭喜吴亦凡《青簪行》杀青！进组七个多月，横跨三个季节拍摄终于杀青了！期待吴亦凡演绎的睽王李舒白#吴亦凡青簪行# @Mr_凡先生 	2020-07-16 21:41:55    	天暗下来凡亦是光	5387715336	天暗下来凡亦是光:世有舒白  方不寂寞  期待夔王👑	赞[0]	2020-07-16 23:10:10	来自小米10 青春版 5G
教父娱乐	:#吴亦凡发长文# #青簪行杀青#恭喜吴亦凡《青簪行》杀青！进组七个多月，横跨三个季节拍摄终于杀青了！期待吴亦凡演绎的睽王李舒白#吴亦凡青簪行# @Mr_凡先生 	2020-07-16 21:41:55    	小小k先生	6035808260	小小k先生:期待吴亦凡	赞[0]	2020-07-16 23:09:55	来自小米6X 拍人更美
教父娱乐	:#吴亦凡发长文# #青簪行杀青#恭喜吴亦凡《青簪行》杀青！进组七个多月，横跨三个季节拍摄终于杀青了！期待吴亦凡演绎的睽王李舒白#吴亦凡青簪行# @Mr_凡先生 	2020-07-16 21:41:55    	凡心所向596	7420785730	凡心所向596:期待#吴亦凡李舒白# 	赞[0]	2020-07-16 23:11:22	来自vivo智能手机
教父娱乐	:#吴亦凡发长文# #青簪行杀青#恭喜吴亦凡《青簪行》杀青！进组七个多月，横跨三个季节拍摄终于杀青了！期待吴亦凡演绎的睽王李舒白#吴亦凡青簪行# @Mr_凡先生 	2020-07-16 21:41:55    	吴亦凡工作室滚出来回应	6447529460	吴亦凡工作室滚出来回应:太绝了#青簪行杀青# ！！！！吴亦凡我太想你了@Mr_凡先生 ！！！！！	赞[1]	2020-07-16 23:10:48	来自HUAWEI Mate 20
教父娱乐	:#吴亦凡发长文# #青簪行杀青#恭喜吴亦凡《青簪行》杀青！进组七个多月，横跨三个季节拍摄终于杀青了！期待吴亦凡演绎的睽王李舒白#吴亦凡青簪行# @Mr_凡先生 	2020-07-16 21:41:55    	大宽199011	6232766017	大宽199011://@豆沙BBQ:辛苦拍摄 期待演员吴亦凡作品 #吴亦凡李舒白#	赞[0]	2020-07-16 23:12:19	来自nova5i 2400万AI四摄
教父娱乐	:#吴亦凡发长文# #青簪行杀青#恭喜吴亦凡《青簪行》杀青！进组七个多月，横跨三个季节拍摄终于杀青了！期待吴亦凡演绎的睽王李舒白#吴亦凡青簪行# @Mr_凡先生 	2020-07-16 21:41:55    	大宽199011	6232766017	大宽199011:转发微博	赞[0]	2020-07-16 23:12:12	来自nova5i 2400万AI四摄
教父娱乐	:#吴亦凡发长文# #青簪行杀青#恭喜吴亦凡《青簪行》杀青！进组七个多月，横跨三个季节拍摄终于杀青了！期待吴亦凡演绎的睽王李舒白#吴亦凡青簪行# @Mr_凡先生 	2020-07-16 21:41:55    	小陈今天也很想次鱼蛋	6461489931	小陈今天也很想次鱼蛋:#青簪行杀青#	赞[0]	2020-07-16 23:12:11	来自微博国际版
教父娱乐	:#吴亦凡发长文# #青簪行杀青#恭喜吴亦凡《青簪行》杀青！进组七个多月，横跨三个季节拍摄终于杀青了！期待吴亦凡演绎的睽王李舒白#吴亦凡青簪行# @Mr_凡先生 	2020-07-16 21:41:55    	LoveHalfAwake	5128332792	LoveHalfAwake:期待#吴亦凡李舒白# 	赞[0]	2020-07-16 23:13:15	来自微博国际版
教父娱乐	:#吴亦凡发长文# #青簪行杀青#恭喜吴亦凡《青簪行》杀青！进组七个多月，横跨三个季节拍摄终于杀青了！期待吴亦凡演绎的睽王李舒白#吴亦凡青簪行# @Mr_凡先生 	2020-07-16 21:41:55    	高高贵贵的素丝	6264152896	高高贵贵的素丝://@笑忘书yff:转发微博	赞[0]	2020-07-16 23:15:14	来自vivo AI智慧拍照X21i
教父娱乐	:#吴亦凡发长文# #青簪行杀青#恭喜吴亦凡《青簪行》杀青！进组七个多月，横跨三个季节拍摄终于杀青了！期待吴亦凡演绎的睽王李舒白#吴亦凡青簪行# @Mr_凡先生 	2020-07-16 21:41:55    	紫琳秋的一天	5382046615	紫琳秋的一天:转发微博	赞[0]	2020-07-16 23:15:09	来自小米CC9 Pro 一亿像素
教父娱乐	:#吴亦凡发长文# #青簪行杀青#恭喜吴亦凡《青簪行》杀青！进组七个多月，横跨三个季节拍摄终于杀青了！期待吴亦凡演绎的睽王李舒白#吴亦凡青簪行# @Mr_凡先生 	2020-07-16 21:41:55    	小陈今天也很想次鱼蛋	6461489931	小陈今天也很想次鱼蛋:#青簪行杀青#	赞[0]	2020-07-16 23:15:07	来自微博国际版
教父娱乐	:#吴亦凡发长文# #青簪行杀青#恭喜吴亦凡《青簪行》杀青！进组七个多月，横跨三个季节拍摄终于杀青了！期待吴亦凡演绎的睽王李舒白#吴亦凡青簪行# @Mr_凡先生 	2020-07-16 21:41:55    	焦糖拿铁雪冰	3881480539	焦糖拿铁雪冰:#吴亦凡李舒白# 雾散见「舒」云，星光映「白」月，红鱼惑人引谜案，玲珑巧思探人心，谎言说的再多也有被戳穿的时候，戏演的再像，也掩盖不了背后的肮脏，耐心等待只为揭开最终真相。睽家军前来报到，参见王爷@Mr_凡先生	赞[0]	2020-07-16 23:15:04	来自小米8 SE
教父娱乐	:#吴亦凡发长文# #青簪行杀青#恭喜吴亦凡《青簪行》杀青！进组七个多月，横跨三个季节拍摄终于杀青了！期待吴亦凡演绎的睽王李舒白#吴亦凡青簪行# @Mr_凡先生 	2020-07-16 21:41:55    	高高贵贵的素丝	6264152896	高高贵贵的素丝://@豆沙BBQ:辛苦拍摄 期待演员吴亦凡作品 #吴亦凡李舒白#	赞[0]	2020-07-16 23:17:03	来自vivo AI智慧拍照X21i
教父娱乐	:#吴亦凡发长文# #青簪行杀青#恭喜吴亦凡《青簪行》杀青！进组七个多月，横跨三个季节拍摄终于杀青了！期待吴亦凡演绎的睽王李舒白#吴亦凡青簪行# @Mr_凡先生 	2020-07-16 21:41:55    	一只流浪猫mimi	2707434897	一只流浪猫mimi:恭喜	赞[0]	2020-07-16 23:16:11	来自vivo智能手机
教父娱乐	:#吴亦凡发长文# #青簪行杀青#恭喜吴亦凡《青簪行》杀青！进组七个多月，横跨三个季节拍摄终于杀青了！期待吴亦凡演绎的睽王李舒白#吴亦凡青簪行# @Mr_凡先生 	2020-07-16 21:41:55    	k窝外拓	6826834568	k窝外拓:期待王爷	赞[0]	2020-07-16 23:16:10	来自Android
教父娱乐	:#吴亦凡发长文# #青簪行杀青#恭喜吴亦凡《青簪行》杀青！进组七个多月，横跨三个季节拍摄终于杀青了！期待吴亦凡演绎的睽王李舒白#吴亦凡青簪行# @Mr_凡先生 	2020-07-16 21:41:55    	小陈今天也很想次鱼蛋	6461489931	小陈今天也很想次鱼蛋://@天天被吴亦凡秒杀 :#电视剧青簪行[超话]##吴亦凡李舒白# 热门z z p	赞[0]	2020-07-16 23:16:05	来自微博国际版
教父娱乐	:#吴亦凡发长文# #青簪行杀青#恭喜吴亦凡《青簪行》杀青！进组七个多月，横跨三个季节拍摄终于杀青了！期待吴亦凡演绎的睽王李舒白#吴亦凡青簪行# @Mr_凡先生 	2020-07-16 21:41:55    	白小贝77	5652936613	白小贝77:转发微博	赞[0]	2020-07-16 23:15:42	来自OPPO随光而变R17
教父娱乐	:#吴亦凡发长文# #青簪行杀青#恭喜吴亦凡《青簪行》杀青！进组七个多月，横跨三个季节拍摄终于杀青了！期待吴亦凡演绎的睽王李舒白#吴亦凡青簪行# @Mr_凡先生 	2020-07-16 21:41:55    	酒伴凡	5221827847	酒伴凡:雾散见「舒」云，星光映「白」月，红鱼惑人引谜案，玲珑巧思探人心，谎言说的再多也有被戳穿的时候，戏演的再像，也掩盖不了背后的肮脏，耐心等待只为揭开最终真相。睽家军前来报到，参见王爷@Mr_凡先生	赞[0]	2020-07-16 23:18:11	来自iPhone客户端
教父娱乐	:#吴亦凡发长文# #青簪行杀青#恭喜吴亦凡《青簪行》杀青！进组七个多月，横跨三个季节拍摄终于杀青了！期待吴亦凡演绎的睽王李舒白#吴亦凡青簪行# @Mr_凡先生 	2020-07-16 21:41:55    	不吃蛋挞不行	7418137023	不吃蛋挞不行:#吴亦凡青簪行# #吴亦凡李舒白# 杀青大吉，期待吴亦凡李舒白了//@沙了紫麻麻:太期待了！！！“流言往往只反映一部分真相，或者，干脆是虚假的烟雾。”——李舒白；“网络毁人誉人，唯有作品与之抗衡”——吴亦凡。欢迎四嘻八哈第一美人吴亦凡首部电视剧暌暌子加油！@Mr_凡先生 ‖	赞[0]	2020-07-16 23:17:56	来自荣耀20 PRO
教父娱乐	:#吴亦凡发长文# #青簪行杀青#恭喜吴亦凡《青簪行》杀青！进组七个多月，横跨三个季节拍摄终于杀青了！期待吴亦凡演绎的睽王李舒白#吴亦凡青簪行# @Mr_凡先生 	2020-07-16 21:41:55    	菩提树下SH	6863066712	菩提树下SH:#吴亦凡青簪行#	赞[1]	2020-07-16 23:17:50	来自荣耀9 美得有声有色
教父娱乐	:#吴亦凡发长文# #青簪行杀青#恭喜吴亦凡《青簪行》杀青！进组七个多月，横跨三个季节拍摄终于杀青了！期待吴亦凡演绎的睽王李舒白#吴亦凡青簪行# @Mr_凡先生 	2020-07-16 21:41:55    	bambamwh	5867583934	bambamwh:期待	赞[0]	2020-07-16 23:17:47	来自vivo智能手机
教父娱乐	:#吴亦凡发长文# #青簪行杀青#恭喜吴亦凡《青簪行》杀青！进组七个多月，横跨三个季节拍摄终于杀青了！期待吴亦凡演绎的睽王李舒白#吴亦凡青簪行# @Mr_凡先生 	2020-07-16 21:41:55    	王懒懒Kris	7368001249	王懒懒Kris:恭喜杀青	赞[0]	2020-07-16 23:17:41	来自iPhone客户端
教父娱乐	:#吴亦凡发长文# #青簪行杀青#恭喜吴亦凡《青簪行》杀青！进组七个多月，横跨三个季节拍摄终于杀青了！期待吴亦凡演绎的睽王李舒白#吴亦凡青簪行# @Mr_凡先生 	2020-07-16 21:41:55    	吴亦凡工作室滚出来回应	6447529460	吴亦凡工作室滚出来回应:为什么不上热门！？？？#青簪行杀青#	赞[0]	2020-07-16 23:17:32	来自HUAWEI Mate 20
教父娱乐	:#吴亦凡发长文# #青簪行杀青#恭喜吴亦凡《青簪行》杀青！进组七个多月，横跨三个季节拍摄终于杀青了！期待吴亦凡演绎的睽王李舒白#吴亦凡青簪行# @Mr_凡先生 	2020-07-16 21:41:55    	A-20XX-PROJECT	1792467531	A-20XX-PROJECT:转发微博	赞[0]	2020-07-16 23:19:16	来自iPhone客户端
教父娱乐	:#吴亦凡发长文# #青簪行杀青#恭喜吴亦凡《青簪行》杀青！进组七个多月，横跨三个季节拍摄终于杀青了！期待吴亦凡演绎的睽王李舒白#吴亦凡青簪行# @Mr_凡先生 	2020-07-16 21:41:55    	zhenzhenwufan_	zhenzhenkris	zhenzhenwufan_:Repost	赞[0]	2020-07-16 23:19:10	来自Android客户端
教父娱乐	:#吴亦凡发长文# #青簪行杀青#恭喜吴亦凡《青簪行》杀青！进组七个多月，横跨三个季节拍摄终于杀青了！期待吴亦凡演绎的睽王李舒白#吴亦凡青簪行# @Mr_凡先生 	2020-07-16 21:41:55    	vanilla_itsfmh	5585746942	vanilla_itsfmh:转发微博	赞[0]	2020-07-16 23:19:08	来自HUAWEI Mate 10
教父娱乐	:#吴亦凡发长文# #青簪行杀青#恭喜吴亦凡《青簪行》杀青！进组七个多月，横跨三个季节拍摄终于杀青了！期待吴亦凡演绎的睽王李舒白#吴亦凡青簪行# @Mr_凡先生 	2020-07-16 21:41:55    	妮凡秀	5214966745	妮凡秀://@豆沙BBQ:辛苦拍摄 期待演员吴亦凡作品 #吴亦凡李舒白#	赞[0]	2020-07-16 23:19:07	来自小米5X 拍人更美
教父娱乐	:#吴亦凡发长文# #青簪行杀青#恭喜吴亦凡《青簪行》杀青！进组七个多月，横跨三个季节拍摄终于杀青了！期待吴亦凡演绎的睽王李舒白#吴亦凡青簪行# @Mr_凡先生 	2020-07-16 21:41:55    	-清秋十五-	5207081783	-清秋十五-:风起春灯暗，雨过流年伤。经世之才伴随诡谲谜团，搅动朝堂江湖乍起波澜，江南柳岸塞北沙，宫廷重闱天下动。匪夷所思悬案尽头，得见暌王李舒白@Mr_凡先生 命运沉浮。	赞[0]	2020-07-16 23:18:51	来自iPhone 8 Plus
教父娱乐	:#吴亦凡发长文# #青簪行杀青#恭喜吴亦凡《青簪行》杀青！进组七个多月，横跨三个季节拍摄终于杀青了！期待吴亦凡演绎的睽王李舒白#吴亦凡青簪行# @Mr_凡先生 	2020-07-16 21:41:55    	肉肉的桑子	1760989647	肉肉的桑子:转发微博	赞[0]	2020-07-16 23:18:36	来自华为手机
教父娱乐	:#吴亦凡发长文# #青簪行杀青#恭喜吴亦凡《青簪行》杀青！进组七个多月，横跨三个季节拍摄终于杀青了！期待吴亦凡演绎的睽王李舒白#吴亦凡青簪行# @Mr_凡先生 	2020-07-16 21:41:55    	黑猫警长抓银河	6234630022	黑猫警长抓银河:转发微博	赞[0]	2020-07-16 23:18:31	来自HUAWEI Mate 20
教父娱乐	:#吴亦凡发长文# #青簪行杀青#恭喜吴亦凡《青簪行》杀青！进组七个多月，横跨三个季节拍摄终于杀青了！期待吴亦凡演绎的睽王李舒白#吴亦凡青簪行# @Mr_凡先生 	2020-07-16 21:41:55    	清晨许个愿cornelia	5220985196	清晨许个愿cornelia://@豆沙BBQ:辛苦拍摄 期待演员吴亦凡作品 #吴亦凡李舒白#	赞[0]	2020-07-16 23:20:31	来自小米5X 拍人更美
教父娱乐	:#吴亦凡发长文# #青簪行杀青#恭喜吴亦凡《青簪行》杀青！进组七个多月，横跨三个季节拍摄终于杀青了！期待吴亦凡演绎的睽王李舒白#吴亦凡青簪行# @Mr_凡先生 	2020-07-16 21:41:55    	一杯椰奶果汁儿	6258161291	一杯椰奶果汁儿:杀青快乐辛苦了	赞[0]	2020-07-16 23:20:24	来自荣耀20 PRO
教父娱乐	:#吴亦凡发长文# #青簪行杀青#恭喜吴亦凡《青簪行》杀青！进组七个多月，横跨三个季节拍摄终于杀青了！期待吴亦凡演绎的睽王李舒白#吴亦凡青簪行# @Mr_凡先生 	2020-07-16 21:41:55    	璃妃的八王爷ACE	6038007018	璃妃的八王爷ACE:恭喜杀青🎉 辛苦导演和剧组工作人员期待吴亦凡	赞[0]	2020-07-16 23:20:04	来自HUAWEI P30 Pro
教父娱乐	:#吴亦凡发长文# #青簪行杀青#恭喜吴亦凡《青簪行》杀青！进组七个多月，横跨三个季节拍摄终于杀青了！期待吴亦凡演绎的睽王李舒白#吴亦凡青簪行# @Mr_凡先生 	2020-07-16 21:41:55    	果汁味的小奶团	5544630320	果汁味的小奶团:转发微博	赞[0]	2020-07-16 23:19:46	来自小米CC9
教父娱乐	:#吴亦凡发长文# #青簪行杀青#恭喜吴亦凡《青簪行》杀青！进组七个多月，横跨三个季节拍摄终于杀青了！期待吴亦凡演绎的睽王李舒白#吴亦凡青簪行# @Mr_凡先生 	2020-07-16 21:41:55    	璃妃的八王爷ACE	6038007018	璃妃的八王爷ACE:恭喜杀青🎉 辛苦导演和剧组工作人员期待吴亦凡文能提笔安天下，武能挥剑斩乾坤，尊贵已极，繁华顶端，王爷秉轴持钧，是枢纽也是升华。青簪已行，天河将兴，敬请期待一番男主吴亦凡，恭迎睽王殿下李舒白@Mr_凡先生	赞[0]	2020-07-16 23:19:42	来自HUAWEI P30 Pro
教父娱乐	:#吴亦凡发长文# #青簪行杀青#恭喜吴亦凡《青簪行》杀青！进组七个多月，横跨三个季节拍摄终于杀青了！期待吴亦凡演绎的睽王李舒白#吴亦凡青簪行# @Mr_凡先生 	2020-07-16 21:41:55    	慕慕凡尘	lianmufanchen	慕慕凡尘:转发微博	赞[0]	2020-07-16 23:19:42	来自iPhone客户端
教父娱乐	:#吴亦凡发长文# #青簪行杀青#恭喜吴亦凡《青簪行》杀青！进组七个多月，横跨三个季节拍摄终于杀青了！期待吴亦凡演绎的睽王李舒白#吴亦凡青簪行# @Mr_凡先生 	2020-07-16 21:41:55    	关你peace哇	5263249243	关你peace哇://@豆沙BBQ:辛苦拍摄 期待演员吴亦凡作品 #吴亦凡李舒白#	赞[0]	2020-07-16 23:21:17	来自nova7你在焦点在
教父娱乐	:#吴亦凡发长文# #青簪行杀青#恭喜吴亦凡《青簪行》杀青！进组七个多月，横跨三个季节拍摄终于杀青了！期待吴亦凡演绎的睽王李舒白#吴亦凡青簪行# @Mr_凡先生 	2020-07-16 21:41:55    	叫大爷yyy	7066276697	叫大爷yyy:#吴亦凡李舒白# 横跨三季拍摄，吴亦凡辛苦了，带伤工作，不分昼夜，勤奋努力，演的很棒@Mr_凡先生 	赞[0]	2020-07-16 23:21:12	来自华为手机 畅享玩不停
教父娱乐	:#吴亦凡发长文# #青簪行杀青#恭喜吴亦凡《青簪行》杀青！进组七个多月，横跨三个季节拍摄终于杀青了！期待吴亦凡演绎的睽王李舒白#吴亦凡青簪行# @Mr_凡先生 	2020-07-16 21:41:55    	1106KW先生	6617626065	1106KW先生:#青簪行杀青# #吴亦凡李舒白# “世有舒白，方不寂寞”一袭青色断乾坤，一骑铁马固江山，文可安邦，武可定国，翻手为云覆手为雨，山河长兴万古存！睽王李舒白@Mr_凡先生 ，你好呀！ 	赞[0]	2020-07-16 23:21:10	来自OPPO智能手机
教父娱乐	:#吴亦凡发长文# #青簪行杀青#恭喜吴亦凡《青簪行》杀青！进组七个多月，横跨三个季节拍摄终于杀青了！期待吴亦凡演绎的睽王李舒白#吴亦凡青簪行# @Mr_凡先生 	2020-07-16 21:41:55    	璃妃的八王爷ACE	6038007018	璃妃的八王爷ACE:期待睽王李舒白	赞[0]	2020-07-16 23:21:03	来自HUAWEI P30 Pro
教父娱乐	:#吴亦凡发长文# #青簪行杀青#恭喜吴亦凡《青簪行》杀青！进组七个多月，横跨三个季节拍摄终于杀青了！期待吴亦凡演绎的睽王李舒白#吴亦凡青簪行# @Mr_凡先生 	2020-07-16 21:41:55    	你家大米真多	5721017049	你家大米真多:转发微博	赞[0]	2020-07-16 23:20:43	来自Galaxy饭饭Android
教父娱乐	:#吴亦凡发长文# #青簪行杀青#恭喜吴亦凡《青簪行》杀青！进组七个多月，横跨三个季节拍摄终于杀青了！期待吴亦凡演绎的睽王李舒白#吴亦凡青簪行# @Mr_凡先生 	2020-07-16 21:41:55    	网上神经多	2890865924	网上神经多://@被吴亦凡拍过的聪明脑袋瓜:期待	赞[0]	2020-07-16 23:22:26	来自小米5X 拍人更美
教父娱乐	:#吴亦凡发长文# #青簪行杀青#恭喜吴亦凡《青簪行》杀青！进组七个多月，横跨三个季节拍摄终于杀青了！期待吴亦凡演绎的睽王李舒白#吴亦凡青簪行# @Mr_凡先生 	2020-07-16 21:41:55    	柚子味的嗲嗲兔	5720111637	柚子味的嗲嗲兔://@天天被吴亦凡秒杀:#吴亦凡李舒白# #电视剧青簪行[超话]# 精选热单人	赞[0]	2020-07-16 23:22:07	来自前后2000万 OPPO R11
教父娱乐	:#吴亦凡发长文# #青簪行杀青#恭喜吴亦凡《青簪行》杀青！进组七个多月，横跨三个季节拍摄终于杀青了！期待吴亦凡演绎的睽王李舒白#吴亦凡青簪行# @Mr_凡先生 	2020-07-16 21:41:55    	小小k先生	6035808260	小小k先生:期待吴亦凡//@豆沙BBQ:辛苦拍摄 期待演员吴亦凡作品 #吴亦凡李舒白#	赞[0]	2020-07-16 23:21:56	来自小米6X 拍人更美
教父娱乐	:#吴亦凡发长文# #青簪行杀青#恭喜吴亦凡《青簪行》杀青！进组七个多月，横跨三个季节拍摄终于杀青了！期待吴亦凡演绎的睽王李舒白#吴亦凡青簪行# @Mr_凡先生 	2020-07-16 21:41:55    	小小k先生	6035808260	小小k先生:期待//@豆沙BBQ:辛苦拍摄 期待演员吴亦凡作品 #吴亦凡李舒白#	赞[0]	2020-07-16 23:21:49	来自小米6X 拍人更美
教父娱乐	:#吴亦凡发长文# #青簪行杀青#恭喜吴亦凡《青簪行》杀青！进组七个多月，横跨三个季节拍摄终于杀青了！期待吴亦凡演绎的睽王李舒白#吴亦凡青簪行# @Mr_凡先生 	2020-07-16 21:41:55    	小小k先生	6035808260	小小k先生://@豆沙BBQ:辛苦拍摄 期待演员吴亦凡作品 #吴亦凡李舒白#	赞[0]	2020-07-16 23:21:44	来自小米6X 拍人更美
教父娱乐	:#吴亦凡发长文# #青簪行杀青#恭喜吴亦凡《青簪行》杀青！进组七个多月，横跨三个季节拍摄终于杀青了！期待吴亦凡演绎的睽王李舒白#吴亦凡青簪行# @Mr_凡先生 	2020-07-16 21:41:55    	柳枝已经发芽	6990472488	柳枝已经发芽:#吴亦凡青簪行#	赞[0]	2020-07-16 23:21:41	来自iPhone客户端
教父娱乐	:#吴亦凡发长文# #青簪行杀青#恭喜吴亦凡《青簪行》杀青！进组七个多月，横跨三个季节拍摄终于杀青了！期待吴亦凡演绎的睽王李舒白#吴亦凡青簪行# @Mr_凡先生 	2020-07-16 21:41:55    	素人王景	3914983730	素人王景:转发微博	赞[0]	2020-07-16 23:24:34	来自小米8周年旗舰手机
教父娱乐	:#吴亦凡发长文# #青簪行杀青#恭喜吴亦凡《青簪行》杀青！进组七个多月，横跨三个季节拍摄终于杀青了！期待吴亦凡演绎的睽王李舒白#吴亦凡青簪行# @Mr_凡先生 	2020-07-16 21:41:55    	Just4Krisss	7331275248	Just4Krisss:转发微博	赞[0]	2020-07-16 23:24:21	来自微博国际版
教父娱乐	:#吴亦凡发长文# #青簪行杀青#恭喜吴亦凡《青簪行》杀青！进组七个多月，横跨三个季节拍摄终于杀青了！期待吴亦凡演绎的睽王李舒白#吴亦凡青簪行# @Mr_凡先生 	2020-07-16 21:41:55    	恍若芳凡	7352579077	恍若芳凡:#吴亦凡青簪行# 恭喜吴亦凡《青簪行》杀青！好期待睽王李舒白	赞[0]	2020-07-16 23:23:54	来自小米Note 3 拍人更美
教父娱乐	:#吴亦凡发长文# #青簪行杀青#恭喜吴亦凡《青簪行》杀青！进组七个多月，横跨三个季节拍摄终于杀青了！期待吴亦凡演绎的睽王李舒白#吴亦凡青簪行# @Mr_凡先生 	2020-07-16 21:41:55    	-菠萝草莓火龙果-	6657137505	-菠萝草莓火龙果-:转发微博	赞[0]	2020-07-16 23:23:50	来自超话
教父娱乐	:#吴亦凡发长文# #青簪行杀青#恭喜吴亦凡《青簪行》杀青！进组七个多月，横跨三个季节拍摄终于杀青了！期待吴亦凡演绎的睽王李舒白#吴亦凡青簪行# @Mr_凡先生 	2020-07-16 21:41:55    	来自精神病院的霸霸	2638273671	来自精神病院的霸霸:转发微博	赞[0]	2020-07-16 23:23:21	来自iPhone客户端
教父娱乐	:#吴亦凡发长文# #青簪行杀青#恭喜吴亦凡《青簪行》杀青！进组七个多月，横跨三个季节拍摄终于杀青了！期待吴亦凡演绎的睽王李舒白#吴亦凡青簪行# @Mr_凡先生 	2020-07-16 21:41:55    	咕叽咕叽嘚啵嘚啵	5505594322	咕叽咕叽嘚啵嘚啵:转发微博	赞[0]	2020-07-16 23:23:20	来自OPPO Reno3 5G
教父娱乐	:#吴亦凡发长文# #青簪行杀青#恭喜吴亦凡《青簪行》杀青！进组七个多月，横跨三个季节拍摄终于杀青了！期待吴亦凡演绎的睽王李舒白#吴亦凡青簪行# @Mr_凡先生 	2020-07-16 21:41:55    	吴三岁呐呐	5253552475	吴三岁呐呐:#青簪行杀青# #吴亦凡青簪行#	赞[0]	2020-07-16 23:25:39	来自iPhone客户端
教父娱乐	:#吴亦凡发长文# #青簪行杀青#恭喜吴亦凡《青簪行》杀青！进组七个多月，横跨三个季节拍摄终于杀青了！期待吴亦凡演绎的睽王李舒白#吴亦凡青簪行# @Mr_凡先生 	2020-07-16 21:41:55    	拳打硅胶老母紫脚踢瞎眼紫蛆	5854731052	拳打硅胶老母紫脚踢瞎眼紫蛆://@我的傻凡哥哥:恭喜杀青🎉 辛苦导演和剧组工作人员期待吴亦凡文能提笔安天下，武能挥剑斩乾坤，尊贵已极，繁华顶端，王爷秉轴持钧，是枢纽也是升华。青簪已行，天河将兴，敬请期待一番男主吴亦凡，恭迎睽王殿下李舒白@Mr_凡先生	赞[0]	2020-07-16 23:25:12	来自Redmi K30 全速热爱
教父娱乐	:#吴亦凡发长文# #青簪行杀青#恭喜吴亦凡《青簪行》杀青！进组七个多月，横跨三个季节拍摄终于杀青了！期待吴亦凡演绎的睽王李舒白#吴亦凡青簪行# @Mr_凡先生 	2020-07-16 21:41:55    	拳打硅胶老母紫脚踢瞎眼紫蛆	5854731052	拳打硅胶老母紫脚踢瞎眼紫蛆://@沙了紫麻麻:太期待了！！！“流言往往只反映一部分真相，或者，干脆是虚假的烟雾。”——李舒白；“网络毁人誉人，唯有作品与之抗衡”——吴亦凡。欢迎四嘻八哈第一美人吴亦凡首部电视剧暌暌子加油！@Mr_凡先生 ‖	赞[0]	2020-07-16 23:25:09	来自Redmi K30 全速热爱
教父娱乐	:#吴亦凡发长文# #青簪行杀青#恭喜吴亦凡《青簪行》杀青！进组七个多月，横跨三个季节拍摄终于杀青了！期待吴亦凡演绎的睽王李舒白#吴亦凡青簪行# @Mr_凡先生 	2020-07-16 21:41:55    	苏寒coll	7095553211	苏寒coll:转发微博	赞[0]	2020-07-16 23:25:08	来自小米MIX 2 全面屏手机
教父娱乐	:#吴亦凡发长文# #青簪行杀青#恭喜吴亦凡《青簪行》杀青！进组七个多月，横跨三个季节拍摄终于杀青了！期待吴亦凡演绎的睽王李舒白#吴亦凡青簪行# @Mr_凡先生 	2020-07-16 21:41:55    	丶你亲爹	6001093077	丶你亲爹:转发微博	赞[0]	2020-07-16 23:25:07	来自Android
教父娱乐	:#吴亦凡发长文# #青簪行杀青#恭喜吴亦凡《青簪行》杀青！进组七个多月，横跨三个季节拍摄终于杀青了！期待吴亦凡演绎的睽王李舒白#吴亦凡青簪行# @Mr_凡先生 	2020-07-16 21:41:55    	_Kevinkoala	3176312104	_Kevinkoala:转发微博	赞[0]	2020-07-16 23:25:07	来自iPhone客户端
教父娱乐	:#吴亦凡发长文# #青簪行杀青#恭喜吴亦凡《青簪行》杀青！进组七个多月，横跨三个季节拍摄终于杀青了！期待吴亦凡演绎的睽王李舒白#吴亦凡青簪行# @Mr_凡先生 	2020-07-16 21:41:55    	蒙奇奇是金刚奇	5673785126	蒙奇奇是金刚奇:#吴亦凡李舒白[超话]#	赞[0]	2020-07-16 23:25:06	来自iPhone客户端
教父娱乐	:#吴亦凡发长文# #青簪行杀青#恭喜吴亦凡《青簪行》杀青！进组七个多月，横跨三个季节拍摄终于杀青了！期待吴亦凡演绎的睽王李舒白#吴亦凡青簪行# @Mr_凡先生 	2020-07-16 21:41:55    	秋池阿·	2685986931	秋池阿·:转发微博	赞[0]	2020-07-16 23:24:54	来自iPhone客户端
教父娱乐	:#吴亦凡发长文# #青簪行杀青#恭喜吴亦凡《青簪行》杀青！进组七个多月，横跨三个季节拍摄终于杀青了！期待吴亦凡演绎的睽王李舒白#吴亦凡青簪行# @Mr_凡先生 	2020-07-16 21:41:55    	尼尼是苏妮	6995106012	尼尼是苏妮:太期待了！！！“流言往往只反映一部分真相，或者，干脆是虚假的烟雾。”——李舒白；“网络毁人誉人，唯有作品与之抗衡”——吴亦凡。欢迎四嘻八哈第一美人吴亦凡首部电视剧暌暌子加油！@Mr_凡先生 ‖	赞[0]	2020-07-16 23:27:56	来自vivo智能手机
教父娱乐	:#吴亦凡发长文# #青簪行杀青#恭喜吴亦凡《青簪行》杀青！进组七个多月，横跨三个季节拍摄终于杀青了！期待吴亦凡演绎的睽王李舒白#吴亦凡青簪行# @Mr_凡先生 	2020-07-16 21:41:55    	吴亦凡工作室滚出来回应	6447529460	吴亦凡工作室滚出来回应:期待吴亦凡#吴亦凡李舒白# ！！！等的都快哭了#青簪行杀青# ！！！！出来玩耍吧！！！	赞[0]	2020-07-16 23:26:49	来自HUAWEI Mate 20
教父娱乐	:#吴亦凡发长文# #青簪行杀青#恭喜吴亦凡《青簪行》杀青！进组七个多月，横跨三个季节拍摄终于杀青了！期待吴亦凡演绎的睽王李舒白#吴亦凡青簪行# @Mr_凡先生 	2020-07-16 21:41:55    	鲨鱼也要吃小饼干	6589869256	鲨鱼也要吃小饼干:#吴亦凡青簪行#“世有舒白，方不寂寞” 一袭青色断乾坤，一骑铁马固江山，文可安邦，武可定国，翻手为云覆手为雨，山河长兴万古存！暌王李舒白@Mr_凡先生 ， 期待吴亦凡，恭喜吴亦凡杀青快乐	赞[0]	2020-07-16 23:28:48	来自OPPO智能手机
教父娱乐	:#吴亦凡发长文# #青簪行杀青#恭喜吴亦凡《青簪行》杀青！进组七个多月，横跨三个季节拍摄终于杀青了！期待吴亦凡演绎的睽王李舒白#吴亦凡青簪行# @Mr_凡先生 	2020-07-16 21:41:55    	清风伴明月一直在	6396459233	清风伴明月一直在:#吴亦凡青簪行# wyf#吴亦凡李舒白# //@豆沙BBQ:辛苦拍摄 期待演员吴亦凡作品 #吴亦凡李舒白# 	赞[0]	2020-07-16 23:28:48	来自小米Note 3 拍人更美
教父娱乐	:#吴亦凡发长文# #青簪行杀青#恭喜吴亦凡《青簪行》杀青！进组七个多月，横跨三个季节拍摄终于杀青了！期待吴亦凡演绎的睽王李舒白#吴亦凡青簪行# @Mr_凡先生 	2020-07-16 21:41:55    	疯一样的女子666666	6017211763	疯一样的女子666666://@仑子benben:太贴脸了 期待吴亦凡饰演的李舒白！	赞[0]	2020-07-16 23:28:29	来自小米5X 拍人更美
教父娱乐	:#吴亦凡发长文# #青簪行杀青#恭喜吴亦凡《青簪行》杀青！进组七个多月，横跨三个季节拍摄终于杀青了！期待吴亦凡演绎的睽王李舒白#吴亦凡青簪行# @Mr_凡先生 	2020-07-16 21:41:55    	我的小煎蛋萌萌哒	1903104917	我的小煎蛋萌萌哒:期待 #青簪行杀青# //@豆沙BBQ:辛苦拍摄 期待演员吴亦凡作品 #吴亦凡李舒白#	赞[0]	2020-07-16 23:28:21	来自HUAWEI P30
教父娱乐	:#吴亦凡发长文# #青簪行杀青#恭喜吴亦凡《青簪行》杀青！进组七个多月，横跨三个季节拍摄终于杀青了！期待吴亦凡演绎的睽王李舒白#吴亦凡青簪行# @Mr_凡先生 	2020-07-16 21:41:55    	猫头不是猫头鹰	6223005734	猫头不是猫头鹰:转发微博	赞[0]	2020-07-16 23:28:09	来自iPhone客户端
教父娱乐	:#吴亦凡发长文# #青簪行杀青#恭喜吴亦凡《青簪行》杀青！进组七个多月，横跨三个季节拍摄终于杀青了！期待吴亦凡演绎的睽王李舒白#吴亦凡青簪行# @Mr_凡先生 	2020-07-16 21:41:55    	TAMKAI	3848533101	TAMKAI:#吴亦凡#	赞[0]	2020-07-16 23:29:35	来自iPhone客户端
教父娱乐	:#吴亦凡发长文# #青簪行杀青#恭喜吴亦凡《青簪行》杀青！进组七个多月，横跨三个季节拍摄终于杀青了！期待吴亦凡演绎的睽王李舒白#吴亦凡青簪行# @Mr_凡先生 	2020-07-16 21:41:55    	o0kikivikik0o	3905397353	o0kikivikik0o:转发微博	赞[0]	2020-07-16 23:29:28	来自iPhone 11
教父娱乐	:#吴亦凡发长文# #青簪行杀青#恭喜吴亦凡《青簪行》杀青！进组七个多月，横跨三个季节拍摄终于杀青了！期待吴亦凡演绎的睽王李舒白#吴亦凡青簪行# @Mr_凡先生 	2020-07-16 21:41:55    	素笙睡不醒哇	5484716367	素笙睡不醒哇:杀青快乐 王爷辛苦啦	赞[0]	2020-07-16 23:29:16	来自微博国际版
教父娱乐	:#吴亦凡发长文# #青簪行杀青#恭喜吴亦凡《青簪行》杀青！进组七个多月，横跨三个季节拍摄终于杀青了！期待吴亦凡演绎的睽王李舒白#吴亦凡青簪行# @Mr_凡先生 	2020-07-16 21:41:55    	网名记住没	6564140233	网名记住没:转发微博	赞[0]	2020-07-16 23:29:14	来自Android客户端
教父娱乐	:#吴亦凡发长文# #青簪行杀青#恭喜吴亦凡《青簪行》杀青！进组七个多月，横跨三个季节拍摄终于杀青了！期待吴亦凡演绎的睽王李舒白#吴亦凡青簪行# @Mr_凡先生 	2020-07-16 21:41:55    	积极网民·	7332299302	积极网民·:#吴亦凡李舒白#	赞[0]	2020-07-16 23:32:18	来自iPhone客户端
教父娱乐	:#吴亦凡发长文# #青簪行杀青#恭喜吴亦凡《青簪行》杀青！进组七个多月，横跨三个季节拍摄终于杀青了！期待吴亦凡演绎的睽王李舒白#吴亦凡青簪行# @Mr_凡先生 	2020-07-16 21:41:55    	咕噜噜与骨碌碌	6065034300	咕噜噜与骨碌碌:#吴亦凡青簪行# |#青簪行杀青# //@豆沙BBQ:辛苦拍摄 期待演员吴亦凡作品 #吴亦凡李舒白#	赞[0]	2020-07-16 23:31:39	来自小米8周年旗舰手机
教父娱乐	:#吴亦凡发长文# #青簪行杀青#恭喜吴亦凡《青簪行》杀青！进组七个多月，横跨三个季节拍摄终于杀青了！期待吴亦凡演绎的睽王李舒白#吴亦凡青簪行# @Mr_凡先生 	2020-07-16 21:41:55    	费多尔呢	5526116309	费多尔呢://@沉淀星:期待吴亦凡的李舒白，期待全心投入的第一部电视剧。	赞[0]	2020-07-16 23:30:39	来自小米Max2 大屏大电量
教父娱乐	:#吴亦凡发长文# #青簪行杀青#恭喜吴亦凡《青簪行》杀青！进组七个多月，横跨三个季节拍摄终于杀青了！期待吴亦凡演绎的睽王李舒白#吴亦凡青簪行# @Mr_凡先生 	2020-07-16 21:41:55    	觅青森BG	5688230199	觅青森BG://@豆沙BBQ:辛苦拍摄 期待演员吴亦凡作品 #吴亦凡李舒白#	赞[0]	2020-07-16 23:30:35	来自vivo X27
教父娱乐	:#吴亦凡发长文# #青簪行杀青#恭喜吴亦凡《青簪行》杀青！进组七个多月，横跨三个季节拍摄终于杀青了！期待吴亦凡演绎的睽王李舒白#吴亦凡青簪行# @Mr_凡先生 	2020-07-16 21:41:55    	清风伴明月一直在	6396459233	清风伴明月一直在:#吴亦凡青簪行# wyf #吴亦凡李舒白# 扑朔迷离的恩怨情仇，不可窥知的命运羁绊，看尽天下江湖风起云涌，一切尽在掌握之中。期待吴亦凡，期待李舒白@Mr_凡先生	赞[0]	2020-07-16 23:30:27	来自小米Note 3 拍人更美
教父娱乐	:#吴亦凡发长文# #青簪行杀青#恭喜吴亦凡《青簪行》杀青！进组七个多月，横跨三个季节拍摄终于杀青了！期待吴亦凡演绎的睽王李舒白#吴亦凡青簪行# @Mr_凡先生 	2020-07-16 21:41:55    	爱嘻哈的小巙花	6960423342	爱嘻哈的小巙花:期待李舒白#吴亦凡李舒白#	赞[0]	2020-07-16 23:33:50	来自nova7你在焦点在
教父娱乐	:#吴亦凡发长文# #青簪行杀青#恭喜吴亦凡《青簪行》杀青！进组七个多月，横跨三个季节拍摄终于杀青了！期待吴亦凡演绎的睽王李舒白#吴亦凡青簪行# @Mr_凡先生 	2020-07-16 21:41:55    	爱嘻哈的小巙花	6960423342	爱嘻哈的小巙花://@豆沙BBQ:辛苦拍摄 期待演员吴亦凡作品 #吴亦凡李舒白#	赞[0]	2020-07-16 23:33:32	来自nova7你在焦点在
教父娱乐	:#吴亦凡发长文# #青簪行杀青#恭喜吴亦凡《青簪行》杀青！进组七个多月，横跨三个季节拍摄终于杀青了！期待吴亦凡演绎的睽王李舒白#吴亦凡青簪行# @Mr_凡先生 	2020-07-16 21:41:55    	积极网民·	7332299302	积极网民·:#吴亦凡李舒白# #青簪行杀青# 	赞[0]	2020-07-16 23:32:51	来自iPhone客户端
教父娱乐	:#吴亦凡发长文# #青簪行杀青#恭喜吴亦凡《青簪行》杀青！进组七个多月，横跨三个季节拍摄终于杀青了！期待吴亦凡演绎的睽王李舒白#吴亦凡青簪行# @Mr_凡先生 	2020-07-16 21:41:55    	Lucky是条汪汪	6464220344	Lucky是条汪汪:澎湃了	赞[0]	2020-07-16 23:32:29	来自iPhone客户端
教父娱乐	:#吴亦凡发长文# #青簪行杀青#恭喜吴亦凡《青簪行》杀青！进组七个多月，横跨三个季节拍摄终于杀青了！期待吴亦凡演绎的睽王李舒白#吴亦凡青簪行# @Mr_凡先生 	2020-07-16 21:41:55    	微笑de傀儡	5798334797	微笑de傀儡:恭喜杀青！期待演员吴亦凡！	赞[0]	2020-07-16 23:36:08	来自HUAWEI Mate 20
教父娱乐	:#吴亦凡发长文# #青簪行杀青#恭喜吴亦凡《青簪行》杀青！进组七个多月，横跨三个季节拍摄终于杀青了！期待吴亦凡演绎的睽王李舒白#吴亦凡青簪行# @Mr_凡先生 	2020-07-16 21:41:55    	肚子好圆_	5995055184	肚子好圆_:转发微博	赞[0]	2020-07-16 23:35:21	来自
教父娱乐	:#吴亦凡发长文# #青簪行杀青#恭喜吴亦凡《青簪行》杀青！进组七个多月，横跨三个季节拍摄终于杀青了！期待吴亦凡演绎的睽王李舒白#吴亦凡青簪行# @Mr_凡先生 	2020-07-16 21:41:55    	枍蘩	5235423256	枍蘩:雾散见「舒」云，星光映「白」月，红鱼惑人引谜案，玲珑巧思探人心，谎言说的再多也有被戳穿的时候，戏演的再像，也掩盖不了背后的肮脏，耐心等待只为揭开最终真相。睽家军前来报到，参见王爷@Mr_凡先生	赞[0]	2020-07-16 23:35:02	来自荣耀手机 勇敢做自己
教父娱乐	:#吴亦凡发长文# #青簪行杀青#恭喜吴亦凡《青簪行》杀青！进组七个多月，横跨三个季节拍摄终于杀青了！期待吴亦凡演绎的睽王李舒白#吴亦凡青簪行# @Mr_凡先生 	2020-07-16 21:41:55    	向阳而生xhsn	5091210650	向阳而生xhsn:期待吴亦凡	赞[0]	2020-07-16 23:34:50	来自OPPO R11 Plus
教父娱乐	:#吴亦凡发长文# #青簪行杀青#恭喜吴亦凡《青簪行》杀青！进组七个多月，横跨三个季节拍摄终于杀青了！期待吴亦凡演绎的睽王李舒白#吴亦凡青簪行# @Mr_凡先生 	2020-07-16 21:41:55    	樊樊凡凡20101111	5831644802	樊樊凡凡20101111:转发微博	赞[0]	2020-07-16 23:34:47	来自iPhone 6s Plus
教父娱乐	:#吴亦凡发长文# #青簪行杀青#恭喜吴亦凡《青簪行》杀青！进组七个多月，横跨三个季节拍摄终于杀青了！期待吴亦凡演绎的睽王李舒白#吴亦凡青簪行# @Mr_凡先生 	2020-07-16 21:41:55    	GALAXY不吃葱姜蒜	5912618649	GALAXY不吃葱姜蒜:期待吴亦凡	赞[0]	2020-07-16 23:34:41	来自OPPO智能手机
教父娱乐	:#吴亦凡发长文# #青簪行杀青#恭喜吴亦凡《青簪行》杀青！进组七个多月，横跨三个季节拍摄终于杀青了！期待吴亦凡演绎的睽王李舒白#吴亦凡青簪行# @Mr_凡先生 	2020-07-16 21:41:55    	七月qr	2915501773	七月qr:转发微博	赞[0]	2020-07-16 23:38:12	来自iPhone客户端
教父娱乐	:#吴亦凡发长文# #青簪行杀青#恭喜吴亦凡《青簪行》杀青！进组七个多月，横跨三个季节拍摄终于杀青了！期待吴亦凡演绎的睽王李舒白#吴亦凡青簪行# @Mr_凡先生 	2020-07-16 21:41:55    	四月微风暖2017	6325000106	四月微风暖2017:恭喜杀青，期待夔王与我们早日相见！	赞[0]	2020-07-16 23:37:35	来自小米MIX 3 滑盖全面屏
教父娱乐	:#吴亦凡发长文# #青簪行杀青#恭喜吴亦凡《青簪行》杀青！进组七个多月，横跨三个季节拍摄终于杀青了！期待吴亦凡演绎的睽王李舒白#吴亦凡青簪行# @Mr_凡先生 	2020-07-16 21:41:55    	欣欣超甜滴	1180220484	欣欣超甜滴:期待！！！	赞[0]	2020-07-16 23:37:09	来自HUAWEI P20
教父娱乐	:#吴亦凡发长文# #青簪行杀青#恭喜吴亦凡《青簪行》杀青！进组七个多月，横跨三个季节拍摄终于杀青了！期待吴亦凡演绎的睽王李舒白#吴亦凡青簪行# @Mr_凡先生 	2020-07-16 21:41:55    	夏槿凉安_stariver	234247154	夏槿凉安_stariver://@天天被吴亦凡秒杀:#吴亦凡李舒白# #电视剧青簪行[超话]# 精选热单人	赞[0]	2020-07-16 23:36:31	来自小米MIX 3 滑盖全面屏
教父娱乐	:#吴亦凡发长文# #青簪行杀青#恭喜吴亦凡《青簪行》杀青！进组七个多月，横跨三个季节拍摄终于杀青了！期待吴亦凡演绎的睽王李舒白#吴亦凡青簪行# @Mr_凡先生 	2020-07-16 21:41:55    	187的小饭ye	6606841852	187的小饭ye:世有舒白，方不寂寞。他是大唐三百年沉淀出的清气纵横的魂魄，得天地之精华，取万物之独有的拔萃人物。青簪一鸣，行锦绣，天河将兴，腾龙游。恭迎暌王殿下，期待一番男主李舒白！@Mr_凡先生	赞[0]	2020-07-16 23:41:48	来自OPPO智能手机
教父娱乐	:#吴亦凡发长文# #青簪行杀青#恭喜吴亦凡《青簪行》杀青！进组七个多月，横跨三个季节拍摄终于杀青了！期待吴亦凡演绎的睽王李舒白#吴亦凡青簪行# @Mr_凡先生 	2020-07-16 21:41:55    	187的小饭ye	6606841852	187的小饭ye:雾散见「舒」云，星光映「白」月，红鱼惑人引谜案，玲珑巧思探人心，谎言说的再多也有被戳穿的时候，戏演的再像，也掩盖不了背后的肮脏，耐心等待只为揭开最终真相。睽家军前来报到，参见王爷@Mr_凡先生	赞[0]	2020-07-16 23:41:39	来自OPPO智能手机
教父娱乐	:#吴亦凡发长文# #青簪行杀青#恭喜吴亦凡《青簪行》杀青！进组七个多月，横跨三个季节拍摄终于杀青了！期待吴亦凡演绎的睽王李舒白#吴亦凡青簪行# @Mr_凡先生 	2020-07-16 21:41:55    	dhngidossnb	5591343105	dhngidossnb:转发微博	赞[0]	2020-07-16 23:41:31	来自iPhone客户端
教父娱乐	:#吴亦凡发长文# #青簪行杀青#恭喜吴亦凡《青簪行》杀青！进组七个多月，横跨三个季节拍摄终于杀青了！期待吴亦凡演绎的睽王李舒白#吴亦凡青簪行# @Mr_凡先生 	2020-07-16 21:41:55    	此乃无粉籍的高贵路人	5142714268	此乃无粉籍的高贵路人:#吴亦凡[超话]# #吴亦凡李舒白#  无比期待吴亦凡的李舒白 期待暌王殿下	赞[0]	2020-07-16 23:41:05	来自iPhone客户端
教父娱乐	:#吴亦凡发长文# #青簪行杀青#恭喜吴亦凡《青簪行》杀青！进组七个多月，横跨三个季节拍摄终于杀青了！期待吴亦凡演绎的睽王李舒白#吴亦凡青簪行# @Mr_凡先生 	2020-07-16 21:41:55    	司甯思宁	6028999425	司甯思宁:转发微博	赞[0]	2020-07-16 23:40:15	来自vivo智能手机
教父娱乐	:#吴亦凡发长文# #青簪行杀青#恭喜吴亦凡《青簪行》杀青！进组七个多月，横跨三个季节拍摄终于杀青了！期待吴亦凡演绎的睽王李舒白#吴亦凡青簪行# @Mr_凡先生 	2020-07-16 21:41:55    	阿阿阿阿阿阿阿常	3860891864	阿阿阿阿阿阿阿常:恭喜恭喜	赞[0]	2020-07-16 23:39:41	来自小米8周年旗舰手机
教父娱乐	:#吴亦凡发长文# #青簪行杀青#恭喜吴亦凡《青簪行》杀青！进组七个多月，横跨三个季节拍摄终于杀青了！期待吴亦凡演绎的睽王李舒白#吴亦凡青簪行# @Mr_凡先生 	2020-07-16 21:41:55    	老一套玩家	5451052433	老一套玩家:#吴亦凡[超话]#	赞[0]	2020-07-16 23:39:24	来自OPPO超视野全面屏R15
教父娱乐	:#吴亦凡发长文# #青簪行杀青#恭喜吴亦凡《青簪行》杀青！进组七个多月，横跨三个季节拍摄终于杀青了！期待吴亦凡演绎的睽王李舒白#吴亦凡青簪行# @Mr_凡先生 	2020-07-16 21:41:55    	八月不减肥九月徒伤悲007	7096147166	八月不减肥九月徒伤悲007:转发微博	赞[0]	2020-07-16 23:43:30	来自超话
教父娱乐	:#吴亦凡发长文# #青簪行杀青#恭喜吴亦凡《青簪行》杀青！进组七个多月，横跨三个季节拍摄终于杀青了！期待吴亦凡演绎的睽王李舒白#吴亦凡青簪行# @Mr_凡先生 	2020-07-16 21:41:55    	ZJ_886	3993807784	ZJ_886://@豆沙BBQ:辛苦拍摄 期待演员吴亦凡作品 #吴亦凡李舒白#	赞[0]	2020-07-16 23:42:20	来自小米6X 拍人更美
教父娱乐	:#吴亦凡发长文# #青簪行杀青#恭喜吴亦凡《青簪行》杀青！进组七个多月，横跨三个季节拍摄终于杀青了！期待吴亦凡演绎的睽王李舒白#吴亦凡青簪行# @Mr_凡先生 	2020-07-16 21:41:55    	告诉大海我的星星掉了	6266235417	告诉大海我的星星掉了:转发微博	赞[0]	2020-07-16 23:42:06	来自iPhone客户端
教父娱乐	:#吴亦凡发长文# #青簪行杀青#恭喜吴亦凡《青簪行》杀青！进组七个多月，横跨三个季节拍摄终于杀青了！期待吴亦凡演绎的睽王李舒白#吴亦凡青簪行# @Mr_凡先生 	2020-07-16 21:41:55    	一口蛋黄稣	5327811428	一口蛋黄稣:期待吴亦凡的李舒白 	赞[0]	2020-07-16 23:53:45	来自小米10
教父娱乐	:#吴亦凡发长文# #青簪行杀青#恭喜吴亦凡《青簪行》杀青！进组七个多月，横跨三个季节拍摄终于杀青了！期待吴亦凡演绎的睽王李舒白#吴亦凡青簪行# @Mr_凡先生 	2020-07-16 21:41:55    	Fio爱吃面食主义	5515187494	Fio爱吃面食主义:恭喜杀青期待吴亦凡	赞[0]	2020-07-16 23:51:48	来自前后2000万 OPPO R11
教父娱乐	:#吴亦凡发长文# #青簪行杀青#恭喜吴亦凡《青簪行》杀青！进组七个多月，横跨三个季节拍摄终于杀青了！期待吴亦凡演绎的睽王李舒白#吴亦凡青簪行# @Mr_凡先生 	2020-07-16 21:41:55    	Hairbrushx小师傅	2451688980	Hairbrushx小师傅://@天天被吴亦凡秒杀:#电视剧青簪行[超话]# #吴亦凡李舒白# 热门z z p	赞[0]	2020-07-16 23:50:27	来自iPhone客户端
教父娱乐	:#吴亦凡发长文# #青簪行杀青#恭喜吴亦凡《青簪行》杀青！进组七个多月，横跨三个季节拍摄终于杀青了！期待吴亦凡演绎的睽王李舒白#吴亦凡青簪行# @Mr_凡先生 	2020-07-16 21:41:55    	小二蛋蛋小二	3018071923	小二蛋蛋小二:看古装秀～	赞[0]	2020-07-16 23:58:43	来自荣耀8 美得与众不同
教父娱乐	:#吴亦凡发长文# #青簪行杀青#恭喜吴亦凡《青簪行》杀青！进组七个多月，横跨三个季节拍摄终于杀青了！期待吴亦凡演绎的睽王李舒白#吴亦凡青簪行# @Mr_凡先生 	2020-07-16 21:41:55    	吴三岁呐呐	5253552475	吴三岁呐呐:#青簪行杀青# //@Dong曦子:世有舒白，方不寂寞。文能提笔安天下，武能挥剑斩乾坤，尊贵已极，繁华顶端，王爷秉轴持钧，是枢纽也是升华。恭迎暌王殿下，期待青簪行一番男主李舒白#青簪行吴亦凡# http://t.cn/A6yWe8Fq	赞[0]	2020-07-16 23:58:15	来自iPhone客户端
教父娱乐	:#吴亦凡发长文# #青簪行杀青#恭喜吴亦凡《青簪行》杀青！进组七个多月，横跨三个季节拍摄终于杀青了！期待吴亦凡演绎的睽王李舒白#吴亦凡青簪行# @Mr_凡先生 	2020-07-16 21:41:55    	南极的北极熊x	6105672072	南极的北极熊x:转发微博	赞[0]	2020-07-16 23:55:14	来自Android
教父娱乐	:#吴亦凡发长文# #青簪行杀青#恭喜吴亦凡《青簪行》杀青！进组七个多月，横跨三个季节拍摄终于杀青了！期待吴亦凡演绎的睽王李舒白#吴亦凡青簪行# @Mr_凡先生 	2020-07-16 21:41:55    	kw磁性男音	5516953147	kw磁性男音:转发微博	赞[0]	2020-07-17 00:01:07	来自nova6 5G自拍大不一样
教父娱乐	:#吴亦凡发长文# #青簪行杀青#恭喜吴亦凡《青簪行》杀青！进组七个多月，横跨三个季节拍摄终于杀青了！期待吴亦凡演绎的睽王李舒白#吴亦凡青簪行# @Mr_凡先生 	2020-07-16 21:41:55    	乱磕CP死妈	5991778537	乱磕CP死妈:转发微博	赞[0]	2020-07-17 00:00:14	来自iPhone客户端
教父娱乐	:#吴亦凡发长文# #青簪行杀青#恭喜吴亦凡《青簪行》杀青！进组七个多月，横跨三个季节拍摄终于杀青了！期待吴亦凡演绎的睽王李舒白#吴亦凡青簪行# @Mr_凡先生 	2020-07-16 21:41:55    	睽花药业	576143377	睽花药业://@被吴亦凡拍过的聪明脑袋瓜:期待	赞[0]	2020-07-16 23:59:54	来自iPhone 8 Plus
教父娱乐	:#吴亦凡发长文# #青簪行杀青#恭喜吴亦凡《青簪行》杀青！进组七个多月，横跨三个季节拍摄终于杀青了！期待吴亦凡演绎的睽王李舒白#吴亦凡青簪行# @Mr_凡先生 	2020-07-16 21:41:55    	布b吉岛	5473687960	布b吉岛:嘿嘿嘿嘿嘿嘿嘿夔王哦超期待的	赞[0]	2020-07-16 23:59:49	来自更好用的全面屏魅蓝S6
教父娱乐	:#吴亦凡发长文# #青簪行杀青#恭喜吴亦凡《青簪行》杀青！进组七个多月，横跨三个季节拍摄终于杀青了！期待吴亦凡演绎的睽王李舒白#吴亦凡青簪行# @Mr_凡先生 	2020-07-16 21:41:55    	Kiiii0	6782738199	Kiiii0:#吴亦凡李舒白# 	赞[0]	2020-07-16 23:59:44	来自iPhone客户端
教父娱乐	:#吴亦凡发长文# #青簪行杀青#恭喜吴亦凡《青簪行》杀青！进组七个多月，横跨三个季节拍摄终于杀青了！期待吴亦凡演绎的睽王李舒白#吴亦凡青簪行# @Mr_凡先生 	2020-07-16 21:41:55    	中村绿司	6977522732	中村绿司:鹅  暑假快放吧  我等黄梓瑕好久了！！！（其实我真的喜欢王蕴5555）	赞[0]	2020-07-16 23:59:27	来自HUAWEI nova 2s
教父娱乐	:#吴亦凡发长文# #青簪行杀青#恭喜吴亦凡《青簪行》杀青！进组七个多月，横跨三个季节拍摄终于杀青了！期待吴亦凡演绎的睽王李舒白#吴亦凡青簪行# @Mr_凡先生 	2020-07-16 21:41:55    	o月亮可更换	7342682928	o月亮可更换://@豆沙BBQ:辛苦拍摄 期待演员吴亦凡作品 #吴亦凡李舒白#	赞[0]	2020-07-17 00:03:31	来自小米6X 拍人更美
教父娱乐	:#吴亦凡发长文# #青簪行杀青#恭喜吴亦凡《青簪行》杀青！进组七个多月，横跨三个季节拍摄终于杀青了！期待吴亦凡演绎的睽王李舒白#吴亦凡青簪行# @Mr_凡先生 	2020-07-16 21:41:55    	飘荡的啊飘	6035245404	飘荡的啊飘://@Dong曦子:世有舒白，方不寂寞。文能提笔安天下，武能挥剑斩乾坤，尊贵已极，繁华顶端，王爷秉轴持钧，是枢纽也是升华。恭迎暌王殿下，期待青簪行一番男主李舒白#青簪行吴亦凡# http://t.cn/A6yWe8Fq	赞[0]	2020-07-17 00:02:24	来自小米9
教父娱乐	:#吴亦凡发长文# #青簪行杀青#恭喜吴亦凡《青簪行》杀青！进组七个多月，横跨三个季节拍摄终于杀青了！期待吴亦凡演绎的睽王李舒白#吴亦凡青簪行# @Mr_凡先生 	2020-07-16 21:41:55    	睽花药业	576143377	睽花药业:#青簪行杀青#	赞[0]	2020-07-17 00:02:16	来自iPhone 8 Plus
教父娱乐	:#吴亦凡发长文# #青簪行杀青#恭喜吴亦凡《青簪行》杀青！进组七个多月，横跨三个季节拍摄终于杀青了！期待吴亦凡演绎的睽王李舒白#吴亦凡青簪行# @Mr_凡先生 	2020-07-16 21:41:55    	不令不令钉钉钉	2818828735	不令不令钉钉钉:#吴亦凡#  期待《青簪行》是一部能被大家喜欢的作品 纯粹的作品 不愿看到它有作品外的纷扰  李舒白 我会和每一个观众一起期待开播时的你 且让我们再次同悲喜	赞[0]	2020-07-17 00:02:12	来自
教父娱乐	:#吴亦凡发长文# #青簪行杀青#恭喜吴亦凡《青簪行》杀青！进组七个多月，横跨三个季节拍摄终于杀青了！期待吴亦凡演绎的睽王李舒白#吴亦凡青簪行# @Mr_凡先生 	2020-07-16 21:41:55    	飘荡的啊飘	6035245404	飘荡的啊飘:转发微博	赞[0]	2020-07-17 00:02:09	来自小米9
教父娱乐	:#吴亦凡发长文# #青簪行杀青#恭喜吴亦凡《青簪行》杀青！进组七个多月，横跨三个季节拍摄终于杀青了！期待吴亦凡演绎的睽王李舒白#吴亦凡青簪行# @Mr_凡先生 	2020-07-16 21:41:55    	Lalisam-kw	6100808740	Lalisam-kw:杀青快乐@Mr_凡先生	赞[0]	2020-07-17 00:04:18	来自Android
教父娱乐	:#吴亦凡发长文# #青簪行杀青#恭喜吴亦凡《青簪行》杀青！进组七个多月，横跨三个季节拍摄终于杀青了！期待吴亦凡演绎的睽王李舒白#吴亦凡青簪行# @Mr_凡先生 	2020-07-16 21:41:55    	梓桉999	5337168359	梓桉999:转发微博	赞[0]	2020-07-17 00:04:16	来自AI实力派 vivo Z1
教父娱乐	:#吴亦凡发长文# #青簪行杀青#恭喜吴亦凡《青簪行》杀青！进组七个多月，横跨三个季节拍摄终于杀青了！期待吴亦凡演绎的睽王李舒白#吴亦凡青簪行# @Mr_凡先生 	2020-07-16 21:41:55    	是你的喷菇	5579152626	是你的喷菇:转发微博	赞[0]	2020-07-17 00:04:14	来自HUAWEI P30 Pro
教父娱乐	:#吴亦凡发长文# #青簪行杀青#恭喜吴亦凡《青簪行》杀青！进组七个多月，横跨三个季节拍摄终于杀青了！期待吴亦凡演绎的睽王李舒白#吴亦凡青簪行# @Mr_凡先生 	2020-07-16 21:41:55    	AI类似秀	1835019605	AI类似秀:转发微博	赞[0]	2020-07-17 00:04:11	来自iPhone客户端
教父娱乐	:#吴亦凡发长文# #青簪行杀青#恭喜吴亦凡《青簪行》杀青！进组七个多月，横跨三个季节拍摄终于杀青了！期待吴亦凡演绎的睽王李舒白#吴亦凡青簪行# @Mr_凡先生 	2020-07-16 21:41:55    	beloved欧文11	5332207830	beloved欧文11:看了小说 但都给忘了 期待吧！	赞[1]	2020-07-17 00:04:06	来自iQOO Neo
教父娱乐	:#吴亦凡发长文# #青簪行杀青#恭喜吴亦凡《青簪行》杀青！进组七个多月，横跨三个季节拍摄终于杀青了！期待吴亦凡演绎的睽王李舒白#吴亦凡青簪行# @Mr_凡先生 	2020-07-16 21:41:55    	一个追星的猪猪女	6936063712	一个追星的猪猪女:期待期待凡凡	赞[0]	2020-07-17 00:08:19	来自华为手机 畅享玩不停
教父娱乐	:#吴亦凡发长文# #青簪行杀青#恭喜吴亦凡《青簪行》杀青！进组七个多月，横跨三个季节拍摄终于杀青了！期待吴亦凡演绎的睽王李舒白#吴亦凡青簪行# @Mr_凡先生 	2020-07-16 21:41:55    	向阳而生xhsn	5091210650	向阳而生xhsn:转发微博	赞[0]	2020-07-17 00:07:54	来自OPPO R11 Plus
教父娱乐	:#吴亦凡发长文# #青簪行杀青#恭喜吴亦凡《青簪行》杀青！进组七个多月，横跨三个季节拍摄终于杀青了！期待吴亦凡演绎的睽王李舒白#吴亦凡青簪行# @Mr_凡先生 	2020-07-16 21:41:55    	风火神庙	6787796006	风火神庙:转发微博	赞[0]	2020-07-17 00:07:45	来自HUAWEI Mate 30 5G
教父娱乐	:#吴亦凡发长文# #青簪行杀青#恭喜吴亦凡《青簪行》杀青！进组七个多月，横跨三个季节拍摄终于杀青了！期待吴亦凡演绎的睽王李舒白#吴亦凡青簪行# @Mr_凡先生 	2020-07-16 21:41:55    	666亦亦	7212504886	666亦亦:期待 我凡哥的 剧	赞[0]	2020-07-17 00:07:14	来自Android客户端
教父娱乐	:#吴亦凡发长文# #青簪行杀青#恭喜吴亦凡《青簪行》杀青！进组七个多月，横跨三个季节拍摄终于杀青了！期待吴亦凡演绎的睽王李舒白#吴亦凡青簪行# @Mr_凡先生 	2020-07-16 21:41:55    	人间失格_vv	keviolet	人间失格_vv:转发微博	赞[0]	2020-07-17 00:05:15	来自vivo X50专业影像旗舰
教父娱乐	:#吴亦凡发长文# #青簪行杀青#恭喜吴亦凡《青簪行》杀青！进组七个多月，横跨三个季节拍摄终于杀青了！期待吴亦凡演绎的睽王李舒白#吴亦凡青簪行# @Mr_凡先生 	2020-07-16 21:41:55    	不知道叫什么khhhh	5128063565	不知道叫什么khhhh:舒白快来啦	赞[0]	2020-07-17 00:10:25	来自iPhone
教父娱乐	:#吴亦凡发长文# #青簪行杀青#恭喜吴亦凡《青簪行》杀青！进组七个多月，横跨三个季节拍摄终于杀青了！期待吴亦凡演绎的睽王李舒白#吴亦凡青簪行# @Mr_凡先生 	2020-07-16 21:41:55    	_S珊珊珊S_	vipbabyshanshan	_S珊珊珊S_:太帅了	赞[0]	2020-07-17 00:09:26	来自iPhone客户端
教父娱乐	:#吴亦凡发长文# #青簪行杀青#恭喜吴亦凡《青簪行》杀青！进组七个多月，横跨三个季节拍摄终于杀青了！期待吴亦凡演绎的睽王李舒白#吴亦凡青簪行# @Mr_凡先生 	2020-07-16 21:41:55    	杰保哥哥	5974392014	杰保哥哥:期待暌王李舒白 期待演员吴亦凡	赞[0]	2020-07-17 00:17:43	来自
教父娱乐	:#吴亦凡发长文# #青簪行杀青#恭喜吴亦凡《青簪行》杀青！进组七个多月，横跨三个季节拍摄终于杀青了！期待吴亦凡演绎的睽王李舒白#吴亦凡青簪行# @Mr_凡先生 	2020-07-16 21:41:55    	一场蜕变重生	5623113727	一场蜕变重生:转发微博	赞[0]	2020-07-17 00:16:16	来自小米8 屏幕指纹版
教父娱乐	:#吴亦凡发长文# #青簪行杀青#恭喜吴亦凡《青簪行》杀青！进组七个多月，横跨三个季节拍摄终于杀青了！期待吴亦凡演绎的睽王李舒白#吴亦凡青簪行# @Mr_凡先生 	2020-07-16 21:41:55    	就不跳传美香香	2375360965	就不跳传美香香:转发微博	赞[0]	2020-07-17 00:15:37	来自HUAWEI nova 2 Plus
教父娱乐	:#吴亦凡发长文# #青簪行杀青#恭喜吴亦凡《青簪行》杀青！进组七个多月，横跨三个季节拍摄终于杀青了！期待吴亦凡演绎的睽王李舒白#吴亦凡青簪行# @Mr_凡先生 	2020-07-16 21:41:55    	喜欢吃葡萄的孩纸	5951315252	喜欢吃葡萄的孩纸:转发微博	赞[0]	2020-07-17 00:14:57	来自OPPO A91
教父娱乐	:#吴亦凡发长文# #青簪行杀青#恭喜吴亦凡《青簪行》杀青！进组七个多月，横跨三个季节拍摄终于杀青了！期待吴亦凡演绎的睽王李舒白#吴亦凡青簪行# @Mr_凡先生 	2020-07-16 21:41:55    	梦里花落谁与采撷	2672518825	梦里花落谁与采撷:转发微博	赞[0]	2020-07-17 00:14:22	来自iPhone客户端
教父娱乐	:#吴亦凡发长文# #青簪行杀青#恭喜吴亦凡《青簪行》杀青！进组七个多月，横跨三个季节拍摄终于杀青了！期待吴亦凡演绎的睽王李舒白#吴亦凡青簪行# @Mr_凡先生 	2020-07-16 21:41:55    	南极的北极熊x	6105672072	南极的北极熊x:期待他	赞[0]	2020-07-17 00:12:02	来自Android
教父娱乐	:#吴亦凡发长文# #青簪行杀青#恭喜吴亦凡《青簪行》杀青！进组七个多月，横跨三个季节拍摄终于杀青了！期待吴亦凡演绎的睽王李舒白#吴亦凡青簪行# @Mr_凡先生 	2020-07-16 21:41:55    	吴亦凡的LL	6163400053	吴亦凡的LL:期待李舒白@Mr_凡先生 	赞[0]	2020-07-17 00:23:02	来自OPPO R11 Plus
教父娱乐	:#吴亦凡发长文# #青簪行杀青#恭喜吴亦凡《青簪行》杀青！进组七个多月，横跨三个季节拍摄终于杀青了！期待吴亦凡演绎的睽王李舒白#吴亦凡青簪行# @Mr_凡先生 	2020-07-16 21:41:55    	木木夕lllllaixi	5289781856	木木夕lllllaixi:转发微博	赞[0]	2020-07-17 00:22:42	来自vivo Y7s 屏幕指纹
教父娱乐	:#吴亦凡发长文# #青簪行杀青#恭喜吴亦凡《青簪行》杀青！进组七个多月，横跨三个季节拍摄终于杀青了！期待吴亦凡演绎的睽王李舒白#吴亦凡青簪行# @Mr_凡先生 	2020-07-16 21:41:55    	无言yioo	2238960654	无言yioo:转发微博	赞[0]	2020-07-17 00:21:00	来自iPhone客户端
教父娱乐	:#吴亦凡发长文# #青簪行杀青#恭喜吴亦凡《青簪行》杀青！进组七个多月，横跨三个季节拍摄终于杀青了！期待吴亦凡演绎的睽王李舒白#吴亦凡青簪行# @Mr_凡先生 	2020-07-16 21:41:55    	绿野仙踪007qq	7046301324	绿野仙踪007qq:转发微博	赞[0]	2020-07-17 00:20:44	来自iPhone客户端
教父娱乐	:#吴亦凡发长文# #青簪行杀青#恭喜吴亦凡《青簪行》杀青！进组七个多月，横跨三个季节拍摄终于杀青了！期待吴亦凡演绎的睽王李舒白#吴亦凡青簪行# @Mr_凡先生 	2020-07-16 21:41:55    	梨容神尊弟子李绮筠	6973725174	梨容神尊弟子李绮筠://@凡人MGN:#吴亦凡青簪行#	赞[1]	2020-07-17 00:27:28	来自vivo X23全息幻彩
教父娱乐	:#吴亦凡发长文# #青簪行杀青#恭喜吴亦凡《青簪行》杀青！进组七个多月，横跨三个季节拍摄终于杀青了！期待吴亦凡演绎的睽王李舒白#吴亦凡青簪行# @Mr_凡先生 	2020-07-16 21:41:55    	咖佳君	6636646391	咖佳君:期待李舒白！期待吴亦凡#吴亦凡青簪行#	赞[0]	2020-07-17 00:27:11	来自小米6X 拍人更美
教父娱乐	:#吴亦凡发长文# #青簪行杀青#恭喜吴亦凡《青簪行》杀青！进组七个多月，横跨三个季节拍摄终于杀青了！期待吴亦凡演绎的睽王李舒白#吴亦凡青簪行# @Mr_凡先生 	2020-07-16 21:41:55    	双木林_KW	5638191623	双木林_KW:历经7个多月 从寒冬到酷暑 即使受伤也继续坚持 你的付出一定会有回报的 期待睽王李舒白 @Mr_凡先生 	赞[0]	2020-07-17 00:26:19	来自iPhone客户端
教父娱乐	:#吴亦凡发长文# #青簪行杀青#恭喜吴亦凡《青簪行》杀青！进组七个多月，横跨三个季节拍摄终于杀青了！期待吴亦凡演绎的睽王李舒白#吴亦凡青簪行# @Mr_凡先生 	2020-07-16 21:41:55    	小蜜一凡	2588411421	小蜜一凡:期待吴亦凡期待李舒白	赞[0]	2020-07-17 00:26:07	来自Android
教父娱乐	:#吴亦凡发长文# #青簪行杀青#恭喜吴亦凡《青簪行》杀青！进组七个多月，横跨三个季节拍摄终于杀青了！期待吴亦凡演绎的睽王李舒白#吴亦凡青簪行# @Mr_凡先生 	2020-07-16 21:41:55    	·平安快乐·	7359597987	·平安快乐·:#吴亦凡发长文# 期待李舒白	赞[0]	2020-07-17 00:40:18	来自华为手机 畅享玩不停
教父娱乐	:#吴亦凡发长文# #青簪行杀青#恭喜吴亦凡《青簪行》杀青！进组七个多月，横跨三个季节拍摄终于杀青了！期待吴亦凡演绎的睽王李舒白#吴亦凡青簪行# @Mr_凡先生 	2020-07-16 21:41:55    	wms会发达	6023591870	wms会发达:转发微博	赞[0]	2020-07-17 00:37:54	来自HUAWEI P30
教父娱乐	:#吴亦凡发长文# #青簪行杀青#恭喜吴亦凡《青簪行》杀青！进组七个多月，横跨三个季节拍摄终于杀青了！期待吴亦凡演绎的睽王李舒白#吴亦凡青簪行# @Mr_凡先生 	2020-07-16 21:41:55    	艾莎甜甜	5977868654	艾莎甜甜:#吴亦凡发长文# #吴亦凡青簪行# //@豆沙BBQ:辛苦拍摄 期待演员吴亦凡作品 #吴亦凡李舒白#	赞[0]	2020-07-17 00:37:28	来自小米8周年旗舰手机
教父娱乐	:#吴亦凡发长文# #青簪行杀青#恭喜吴亦凡《青簪行》杀青！进组七个多月，横跨三个季节拍摄终于杀青了！期待吴亦凡演绎的睽王李舒白#吴亦凡青簪行# @Mr_凡先生 	2020-07-16 21:41:55    	梨容神尊弟子李绮筠	6973725174	梨容神尊弟子李绮筠://@咖佳君:期待李舒白！期待吴亦凡#吴亦凡青簪行#	赞[0]	2020-07-17 00:37:00	来自vivo X23全息幻彩
教父娱乐	:#吴亦凡发长文# #青簪行杀青#恭喜吴亦凡《青簪行》杀青！进组七个多月，横跨三个季节拍摄终于杀青了！期待吴亦凡演绎的睽王李舒白#吴亦凡青簪行# @Mr_凡先生 	2020-07-16 21:41:55    	Kim_Meigeni	5376095378	Kim_Meigeni:#吴亦凡发长文# #青簪行杀青#恭喜#吴亦凡[超话]# 吴亦凡《青簪行》杀青！ 进组七个多月，横跨三个季节拍摄终于杀青了！期待吴亦凡演绎的#睽王李舒白#[憧憬]#吴亦凡青簪行#	赞[0]	2020-07-17 00:35:21	来自iPhone 6 Plus
教父娱乐	:#吴亦凡发长文# #青簪行杀青#恭喜吴亦凡《青簪行》杀青！进组七个多月，横跨三个季节拍摄终于杀青了！期待吴亦凡演绎的睽王李舒白#吴亦凡青簪行# @Mr_凡先生 	2020-07-16 21:41:55    	云朵吃吃吃	6217375168	云朵吃吃吃:转发微博	赞[0]	2020-07-17 00:31:03	来自vivo智能手机
教父娱乐	:#吴亦凡发长文# #青簪行杀青#恭喜吴亦凡《青簪行》杀青！进组七个多月，横跨三个季节拍摄终于杀青了！期待吴亦凡演绎的睽王李舒白#吴亦凡青簪行# @Mr_凡先生 	2020-07-16 21:41:55    	耀一个丸子呀	6308223939	耀一个丸子呀:转发微博	赞[0]	2020-07-17 00:42:07	来自vivo Y3 闪充强续航
教父娱乐	:#吴亦凡发长文# #青簪行杀青#恭喜吴亦凡《青簪行》杀青！进组七个多月，横跨三个季节拍摄终于杀青了！期待吴亦凡演绎的睽王李舒白#吴亦凡青簪行# @Mr_凡先生 	2020-07-16 21:41:55    	芒果很忙还要翱翔	5417474829	芒果很忙还要翱翔:李舒白！！！  凡凡辛苦了(≧∇≦)/   	赞[0]	2020-07-17 00:42:06	来自HUAWEI P30 Pro
教父娱乐	:#吴亦凡发长文# #青簪行杀青#恭喜吴亦凡《青簪行》杀青！进组七个多月，横跨三个季节拍摄终于杀青了！期待吴亦凡演绎的睽王李舒白#吴亦凡青簪行# @Mr_凡先生 	2020-07-16 21:41:55    	小名梦梦大名蒙蒙	5935464809	小名梦梦大名蒙蒙://@萌团_://@豆沙BBQ:辛苦拍摄 期待演员吴亦凡作品 #吴亦凡李舒白#	赞[0]	2020-07-17 00:42:01	来自小米MIX 3 滑盖全面屏
教父娱乐	:#吴亦凡发长文# #青簪行杀青#恭喜吴亦凡《青簪行》杀青！进组七个多月，横跨三个季节拍摄终于杀青了！期待吴亦凡演绎的睽王李舒白#吴亦凡青簪行# @Mr_凡先生 	2020-07-16 21:41:55    	揉碎的温柔丶	3164128973	揉碎的温柔丶:转发微博	赞[0]	2020-07-17 00:41:53	来自HUAWEI Mate30 Pro 5G
教父娱乐	:#吴亦凡发长文# #青簪行杀青#恭喜吴亦凡《青簪行》杀青！进组七个多月，横跨三个季节拍摄终于杀青了！期待吴亦凡演绎的睽王李舒白#吴亦凡青簪行# @Mr_凡先生 	2020-07-16 21:41:55    	我会永远记得你19901106	5849687949	我会永远记得你19901106:期待期待期待	赞[0]	2020-07-17 00:41:45	来自HUAWEI P20
教父娱乐	:#吴亦凡发长文# #青簪行杀青#恭喜吴亦凡《青簪行》杀青！进组七个多月，横跨三个季节拍摄终于杀青了！期待吴亦凡演绎的睽王李舒白#吴亦凡青簪行# @Mr_凡先生 	2020-07-16 21:41:55    	我会永远记得你19901106	5849687949	我会永远记得你19901106:👏	赞[0]	2020-07-17 00:41:37	来自HUAWEI P20
教父娱乐	:#吴亦凡发长文# #青簪行杀青#恭喜吴亦凡《青簪行》杀青！进组七个多月，横跨三个季节拍摄终于杀青了！期待吴亦凡演绎的睽王李舒白#吴亦凡青簪行# @Mr_凡先生 	2020-07-16 21:41:55    	瓶仔07007	6330419704	瓶仔07007:转发微博	赞[0]	2020-07-17 00:41:20	来自OPPO智能手机
教父娱乐	:#吴亦凡发长文# #青簪行杀青#恭喜吴亦凡《青簪行》杀青！进组七个多月，横跨三个季节拍摄终于杀青了！期待吴亦凡演绎的睽王李舒白#吴亦凡青簪行# @Mr_凡先生 	2020-07-16 21:41:55    	掌心的海芋	1923390921	掌心的海芋:转发微博	赞[0]	2020-07-17 00:43:42	来自HUAWEI Mate 30 5G
教父娱乐	:#吴亦凡发长文# #青簪行杀青#恭喜吴亦凡《青簪行》杀青！进组七个多月，横跨三个季节拍摄终于杀青了！期待吴亦凡演绎的睽王李舒白#吴亦凡青簪行# @Mr_凡先生 	2020-07-16 21:41:55    	希望与悲沧	5199842733	希望与悲沧:宝宝好帅啊	赞[0]	2020-07-17 00:43:39	来自HUAWEI P30 Pro
教父娱乐	:#吴亦凡发长文# #青簪行杀青#恭喜吴亦凡《青簪行》杀青！进组七个多月，横跨三个季节拍摄终于杀青了！期待吴亦凡演绎的睽王李舒白#吴亦凡青簪行# @Mr_凡先生 	2020-07-16 21:41:55    	慵懒_Huang	5237881310	慵懒_Huang:转发微博	赞[0]	2020-07-17 00:43:04	来自iPhone客户端
教父娱乐	:#吴亦凡发长文# #青簪行杀青#恭喜吴亦凡《青簪行》杀青！进组七个多月，横跨三个季节拍摄终于杀青了！期待吴亦凡演绎的睽王李舒白#吴亦凡青簪行# @Mr_凡先生 	2020-07-16 21:41:55    	lingt_27	6226711655	lingt_27://@豆沙BBQ:辛苦拍摄 期待演员吴亦凡作品 #吴亦凡李舒白#	赞[0]	2020-07-17 00:42:49	来自三星android智能手机
教父娱乐	:#吴亦凡发长文# #青簪行杀青#恭喜吴亦凡《青簪行》杀青！进组七个多月，横跨三个季节拍摄终于杀青了！期待吴亦凡演绎的睽王李舒白#吴亦凡青簪行# @Mr_凡先生 	2020-07-16 21:41:55    	克里斯吴SAMA	5963326671	克里斯吴SAMA:转发微博	赞[0]	2020-07-17 00:45:43	来自小米Note 3 拍人更美
教父娱乐	:#吴亦凡发长文# #青簪行杀青#恭喜吴亦凡《青簪行》杀青！进组七个多月，横跨三个季节拍摄终于杀青了！期待吴亦凡演绎的睽王李舒白#吴亦凡青簪行# @Mr_凡先生 	2020-07-16 21:41:55    	城与_海	6574748707	城与_海:转发微博	赞[0]	2020-07-17 00:45:23	来自荣耀30S 5G 美由芯生
教父娱乐	:#吴亦凡发长文# #青簪行杀青#恭喜吴亦凡《青簪行》杀青！进组七个多月，横跨三个季节拍摄终于杀青了！期待吴亦凡演绎的睽王李舒白#吴亦凡青簪行# @Mr_凡先生 	2020-07-16 21:41:55    	CLFanfan	6982034316	CLFanfan:转发微博	赞[0]	2020-07-17 00:44:56	来自vivo NEX AI智慧旗舰
教父娱乐	:#吴亦凡发长文# #青簪行杀青#恭喜吴亦凡《青簪行》杀青！进组七个多月，横跨三个季节拍摄终于杀青了！期待吴亦凡演绎的睽王李舒白#吴亦凡青簪行# @Mr_凡先生 	2020-07-16 21:41:55    	GalaxyDDDDD	6463346087	GalaxyDDDDD:#吴亦凡发长文# ，#吴亦凡青簪行# 	赞[0]	2020-07-17 00:44:04	来自前后2000万 OPPO R11
教父娱乐	:#吴亦凡发长文# #青簪行杀青#恭喜吴亦凡《青簪行》杀青！进组七个多月，横跨三个季节拍摄终于杀青了！期待吴亦凡演绎的睽王李舒白#吴亦凡青簪行# @Mr_凡先生 	2020-07-16 21:41:55    	陈情令的花絮我能看一整天	5119037222	陈情令的花絮我能看一整天:转发微博	赞[0]	2020-07-17 00:47:27	来自OPPO超视野全面屏R15
教父娱乐	:#吴亦凡发长文# #青簪行杀青#恭喜吴亦凡《青簪行》杀青！进组七个多月，横跨三个季节拍摄终于杀青了！期待吴亦凡演绎的睽王李舒白#吴亦凡青簪行# @Mr_凡先生 	2020-07-16 21:41:55    	雪萱雪	3318027217	雪萱雪:转发微博	赞[0]	2020-07-17 00:47:15	来自小米10
教父娱乐	:#吴亦凡发长文# #青簪行杀青#恭喜吴亦凡《青簪行》杀青！进组七个多月，横跨三个季节拍摄终于杀青了！期待吴亦凡演绎的睽王李舒白#吴亦凡青簪行# @Mr_凡先生 	2020-07-16 21:41:55    	今天喝酒了ma	6611210742	今天喝酒了ma:期待//@豆沙BBQ:辛苦拍摄 期待演员吴亦凡作品 #吴亦凡李舒白# 	赞[0]	2020-07-17 00:46:45	来自vivo智能手机
教父娱乐	:#吴亦凡发长文# #青簪行杀青#恭喜吴亦凡《青簪行》杀青！进组七个多月，横跨三个季节拍摄终于杀青了！期待吴亦凡演绎的睽王李舒白#吴亦凡青簪行# @Mr_凡先生 	2020-07-16 21:41:55    	明天又是新的一天我们都会变好	2035738243	明天又是新的一天我们都会变好:转发微博	赞[1]	2020-07-17 00:46:22	来自iPhone客户端
教父娱乐	:#吴亦凡发长文# #青簪行杀青#恭喜吴亦凡《青簪行》杀青！进组七个多月，横跨三个季节拍摄终于杀青了！期待吴亦凡演绎的睽王李舒白#吴亦凡青簪行# @Mr_凡先生 	2020-07-16 21:41:55    	星星05565	6764326073	星星05565:吴亦凡	赞[0]	2020-07-17 00:49:05	来自iPhone客户端
教父娱乐	:#吴亦凡发长文# #青簪行杀青#恭喜吴亦凡《青簪行》杀青！进组七个多月，横跨三个季节拍摄终于杀青了！期待吴亦凡演绎的睽王李舒白#吴亦凡青簪行# @Mr_凡先生 	2020-07-16 21:41:55    	吴三岁呐呐	5253552475	吴三岁呐呐:#吴亦凡发长文#	赞[0]	2020-07-17 00:48:44	来自iPhone客户端
教父娱乐	:#吴亦凡发长文# #青簪行杀青#恭喜吴亦凡《青簪行》杀青！进组七个多月，横跨三个季节拍摄终于杀青了！期待吴亦凡演绎的睽王李舒白#吴亦凡青簪行# @Mr_凡先生 	2020-07-16 21:41:55    	今天肯定不吃夜宵啊	6667540704	今天肯定不吃夜宵啊:我就很好奇评论区这些文案都是谁写的，难道都是汉语言文学专业的吗，铁服昂	赞[0]	2020-07-17 00:48:33	来自微博国际版
教父娱乐	:#吴亦凡发长文# #青簪行杀青#恭喜吴亦凡《青簪行》杀青！进组七个多月，横跨三个季节拍摄终于杀青了！期待吴亦凡演绎的睽王李舒白#吴亦凡青簪行# @Mr_凡先生 	2020-07-16 21:41:55    	Phuong0107	7004777058	Phuong0107:#吴亦凡发长文# #吴亦凡[超话]#	赞[0]	2020-07-17 00:48:10	来自iPhone
教父娱乐	:#吴亦凡发长文# #青簪行杀青#恭喜吴亦凡《青簪行》杀青！进组七个多月，横跨三个季节拍摄终于杀青了！期待吴亦凡演绎的睽王李舒白#吴亦凡青簪行# @Mr_凡先生 	2020-07-16 21:41:55    	煜煜__sog	2840119562	煜煜__sog:转发微博	赞[0]	2020-07-17 00:54:55	来自小米Note 3 拍人更美
教父娱乐	:#吴亦凡发长文# #青簪行杀青#恭喜吴亦凡《青簪行》杀青！进组七个多月，横跨三个季节拍摄终于杀青了！期待吴亦凡演绎的睽王李舒白#吴亦凡青簪行# @Mr_凡先生 	2020-07-16 21:41:55    	捣碎了星光	6194891614	捣碎了星光:#吴亦凡[超话]##吴亦凡发长文# @Mr_凡先生 	赞[0]	2020-07-17 00:54:43	来自Android
教父娱乐	:#吴亦凡发长文# #青簪行杀青#恭喜吴亦凡《青簪行》杀青！进组七个多月，横跨三个季节拍摄终于杀青了！期待吴亦凡演绎的睽王李舒白#吴亦凡青簪行# @Mr_凡先生 	2020-07-16 21:41:55    	凌晨四点的温哥华	7363841106	凌晨四点的温哥华:转发微博	赞[0]	2020-07-17 00:53:31	来自iPhone
教父娱乐	:#吴亦凡发长文# #青簪行杀青#恭喜吴亦凡《青簪行》杀青！进组七个多月，横跨三个季节拍摄终于杀青了！期待吴亦凡演绎的睽王李舒白#吴亦凡青簪行# @Mr_凡先生 	2020-07-16 21:41:55    	小吉米的夏天	krisummer1217	小吉米的夏天:转发微博	赞[0]	2020-07-17 00:52:35	来自iPhone客户端
教父娱乐	:#吴亦凡发长文# #青簪行杀青#恭喜吴亦凡《青簪行》杀青！进组七个多月，横跨三个季节拍摄终于杀青了！期待吴亦凡演绎的睽王李舒白#吴亦凡青簪行# @Mr_凡先生 	2020-07-16 21:41:55    	上海滩壹号主人	5632323032	上海滩壹号主人:古装剧总没电音了吧，期待凡凡的琴音	赞[0]	2020-07-17 00:52:14	来自iPhone
教父娱乐	:#吴亦凡发长文# #青簪行杀青#恭喜吴亦凡《青簪行》杀青！进组七个多月，横跨三个季节拍摄终于杀青了！期待吴亦凡演绎的睽王李舒白#吴亦凡青簪行# @Mr_凡先生 	2020-07-16 21:41:55    	七月的凡凡	3834726230	七月的凡凡:哇 期待吴亦凡 期待青簪行#吴亦凡[超话]# 	赞[0]	2020-07-17 00:51:32	来自iPhone客户端
教父娱乐	:#吴亦凡发长文# #青簪行杀青#恭喜吴亦凡《青簪行》杀青！进组七个多月，横跨三个季节拍摄终于杀青了！期待吴亦凡演绎的睽王李舒白#吴亦凡青簪行# @Mr_凡先生 	2020-07-16 21:41:55    	小朱小朱诸事皆宜	6097861367	小朱小朱诸事皆宜:转发微博	赞[0]	2020-07-17 00:51:14	来自iPhone客户端
教父娱乐	:#吴亦凡发长文# #青簪行杀青#恭喜吴亦凡《青簪行》杀青！进组七个多月，横跨三个季节拍摄终于杀青了！期待吴亦凡演绎的睽王李舒白#吴亦凡青簪行# @Mr_凡先生 	2020-07-16 21:41:55    	天神shang我	6143836589	天神shang我:转发微博	赞[0]	2020-07-17 00:50:56	来自
教父娱乐	:#吴亦凡发长文# #青簪行杀青#恭喜吴亦凡《青簪行》杀青！进组七个多月，横跨三个季节拍摄终于杀青了！期待吴亦凡演绎的睽王李舒白#吴亦凡青簪行# @Mr_凡先生 	2020-07-16 21:41:55    	今天鲜花怒放	7355520087	今天鲜花怒放:#吴亦凡发长文# ❤️期待李舒白❤️期待吴亦凡❤️	赞[0]	2020-07-17 00:50:34	来自iPhone客户端
教父娱乐	:#吴亦凡发长文# #青簪行杀青#恭喜吴亦凡《青簪行》杀青！进组七个多月，横跨三个季节拍摄终于杀青了！期待吴亦凡演绎的睽王李舒白#吴亦凡青簪行# @Mr_凡先生 	2020-07-16 21:41:55    	南瓜冬瓜茶	5337242752	南瓜冬瓜茶:转发微博	赞[0]	2020-07-17 01:02:44	来自华为Mate 9保时捷设计
教父娱乐	:#吴亦凡发长文# #青簪行杀青#恭喜吴亦凡《青簪行》杀青！进组七个多月，横跨三个季节拍摄终于杀青了！期待吴亦凡演绎的睽王李舒白#吴亦凡青簪行# @Mr_凡先生 	2020-07-16 21:41:55    	南筏陌兮	5867814679	南筏陌兮://@天天被吴亦凡秒杀:#吴亦凡李舒白# #电视剧青簪行[超话]# 精选热单人	赞[0]	2020-07-17 01:01:04	来自iPad客户端
教父娱乐	:#吴亦凡发长文# #青簪行杀青#恭喜吴亦凡《青簪行》杀青！进组七个多月，横跨三个季节拍摄终于杀青了！期待吴亦凡演绎的睽王李舒白#吴亦凡青簪行# @Mr_凡先生 	2020-07-16 21:41:55    	巫婆肉肉	6273439779	巫婆肉肉:转发微博	赞[0]	2020-07-17 00:59:58	来自iPhone客户端
教父娱乐	:#吴亦凡发长文# #青簪行杀青#恭喜吴亦凡《青簪行》杀青！进组七个多月，横跨三个季节拍摄终于杀青了！期待吴亦凡演绎的睽王李舒白#吴亦凡青簪行# @Mr_凡先生 	2020-07-16 21:41:55    	琼瑶2734	5143776805	琼瑶2734:转发微博	赞[0]	2020-07-17 00:58:58	来自vivo S1 Pro 升降自拍
教父娱乐	:#吴亦凡发长文# #青簪行杀青#恭喜吴亦凡《青簪行》杀青！进组七个多月，横跨三个季节拍摄终于杀青了！期待吴亦凡演绎的睽王李舒白#吴亦凡青簪行# @Mr_凡先生 	2020-07-16 21:41:55    	菠萝香菜汤	6329644576	菠萝香菜汤:转发微博	赞[0]	2020-07-17 00:57:21	来自OPPO A9
教父娱乐	:#吴亦凡发长文# #青簪行杀青#恭喜吴亦凡《青簪行》杀青！进组七个多月，横跨三个季节拍摄终于杀青了！期待吴亦凡演绎的睽王李舒白#吴亦凡青簪行# @Mr_凡先生 	2020-07-16 21:41:55    	木兮颜熙	7321343668	木兮颜熙:转发微博	赞[0]	2020-07-17 00:57:01	来自OPPO Reno
教父娱乐	:#吴亦凡发长文# #青簪行杀青#恭喜吴亦凡《青簪行》杀青！进组七个多月，横跨三个季节拍摄终于杀青了！期待吴亦凡演绎的睽王李舒白#吴亦凡青簪行# @Mr_凡先生 	2020-07-16 21:41:55    	莱可哒that	5752538773	莱可哒that://@豆沙BBQ:辛苦拍摄 期待演员吴亦凡作品 #吴亦凡李舒白# 	赞[0]	2020-07-17 00:56:42	来自小米9
教父娱乐	:#吴亦凡发长文# #青簪行杀青#恭喜吴亦凡《青簪行》杀青！进组七个多月，横跨三个季节拍摄终于杀青了！期待吴亦凡演绎的睽王李舒白#吴亦凡青簪行# @Mr_凡先生 	2020-07-16 21:41:55    	名字这么长就不要念啦	6734910139	名字这么长就不要念啦:转发微博	赞[0]	2020-07-17 01:11:24	来自全屏双摄 OPPO A5
教父娱乐	:#吴亦凡发长文# #青簪行杀青#恭喜吴亦凡《青簪行》杀青！进组七个多月，横跨三个季节拍摄终于杀青了！期待吴亦凡演绎的睽王李舒白#吴亦凡青簪行# @Mr_凡先生 	2020-07-16 21:41:55    	忆秋日之韵	6429622170	忆秋日之韵:转发微博	赞[0]	2020-07-17 01:10:43	来自HUAWEI Mate 30 Pro
教父娱乐	:#吴亦凡发长文# #青簪行杀青#恭喜吴亦凡《青簪行》杀青！进组七个多月，横跨三个季节拍摄终于杀青了！期待吴亦凡演绎的睽王李舒白#吴亦凡青簪行# @Mr_凡先生 	2020-07-16 21:41:55    	毛绒绒小胖猫	6484051637	毛绒绒小胖猫:转发微博	赞[0]	2020-07-17 01:10:40	来自HUAWEI P30
教父娱乐	:#吴亦凡发长文# #青簪行杀青#恭喜吴亦凡《青簪行》杀青！进组七个多月，横跨三个季节拍摄终于杀青了！期待吴亦凡演绎的睽王李舒白#吴亦凡青簪行# @Mr_凡先生 	2020-07-16 21:41:55    	偶然遇见的he	5201278207	偶然遇见的he:转发微博	赞[0]	2020-07-17 01:09:49	来自小米10
教父娱乐	:#吴亦凡发长文# #青簪行杀青#恭喜吴亦凡《青簪行》杀青！进组七个多月，横跨三个季节拍摄终于杀青了！期待吴亦凡演绎的睽王李舒白#吴亦凡青簪行# @Mr_凡先生 	2020-07-16 21:41:55    	早春之缘	7155182345	早春之缘:转发微博	赞[0]	2020-07-17 01:07:21	来自HUAWEI Mate 30 Pro
教父娱乐	:#吴亦凡发长文# #青簪行杀青#恭喜吴亦凡《青簪行》杀青！进组七个多月，横跨三个季节拍摄终于杀青了！期待吴亦凡演绎的睽王李舒白#吴亦凡青簪行# @Mr_凡先生 	2020-07-16 21:41:55    	白兔爱吃素·	7373406998	白兔爱吃素·:转发微博	赞[0]	2020-07-17 01:05:51	来自iPhone客户端
教父娱乐	:#吴亦凡发长文# #青簪行杀青#恭喜吴亦凡《青簪行》杀青！进组七个多月，横跨三个季节拍摄终于杀青了！期待吴亦凡演绎的睽王李舒白#吴亦凡青簪行# @Mr_凡先生 	2020-07-16 21:41:55    	拉拉队2333	5813837936	拉拉队2333:转发微博	赞[0]	2020-07-17 01:04:43	来自iPhone客户端
教父娱乐	:#吴亦凡发长文# #青簪行杀青#恭喜吴亦凡《青簪行》杀青！进组七个多月，横跨三个季节拍摄终于杀青了！期待吴亦凡演绎的睽王李舒白#吴亦凡青簪行# @Mr_凡先生 	2020-07-16 21:41:55    	大魔王-魔法师	3213057405	大魔王-魔法师:转发微博	赞[0]	2020-07-17 01:22:38	来自小米Note 3 拍人更美
教父娱乐	:#吴亦凡发长文# #青簪行杀青#恭喜吴亦凡《青簪行》杀青！进组七个多月，横跨三个季节拍摄终于杀青了！期待吴亦凡演绎的睽王李舒白#吴亦凡青簪行# @Mr_凡先生 	2020-07-16 21:41:55    	大魔王-魔法师	3213057405	大魔王-魔法师://@Dong曦子:世有舒白，方不寂寞。文能提笔安天下，武能挥剑斩乾坤，尊贵已极，繁华顶端，王爷秉轴持钧，是枢纽也是升华。恭迎暌王殿下，期待青簪行一番男主李舒白#青簪行吴亦凡# http://t.cn/A6yWe8Fq	赞[0]	2020-07-17 01:22:31	来自小米Note 3 拍人更美
教父娱乐	:#吴亦凡发长文# #青簪行杀青#恭喜吴亦凡《青簪行》杀青！进组七个多月，横跨三个季节拍摄终于杀青了！期待吴亦凡演绎的睽王李舒白#吴亦凡青簪行# @Mr_凡先生 	2020-07-16 21:41:55    	暴躁day	1109107913	暴躁day:转发微博	赞[0]	2020-07-17 01:21:44	来自OPPO随光而变R17
教父娱乐	:#吴亦凡发长文# #青簪行杀青#恭喜吴亦凡《青簪行》杀青！进组七个多月，横跨三个季节拍摄终于杀青了！期待吴亦凡演绎的睽王李舒白#吴亦凡青簪行# @Mr_凡先生 	2020-07-16 21:41:55    	·四時朝暮·	6872948709	·四時朝暮·:#吴亦凡李舒白#	赞[0]	2020-07-17 01:20:46	来自小米手机2
教父娱乐	:#吴亦凡发长文# #青簪行杀青#恭喜吴亦凡《青簪行》杀青！进组七个多月，横跨三个季节拍摄终于杀青了！期待吴亦凡演绎的睽王李舒白#吴亦凡青簪行# @Mr_凡先生 	2020-07-16 21:41:55    	stillness威武66828	6429912987	stillness威武66828:#吴亦凡发长文# 吴亦凡走心了,字里行间流露出的真挚情感让人感动，凡凡真是一位温柔大气体面的人	赞[0]	2020-07-17 01:14:22	来自iPad Pro
教父娱乐	:#吴亦凡发长文# #青簪行杀青#恭喜吴亦凡《青簪行》杀青！进组七个多月，横跨三个季节拍摄终于杀青了！期待吴亦凡演绎的睽王李舒白#吴亦凡青簪行# @Mr_凡先生 	2020-07-16 21:41:55    	潮汕分妮	5680348048	潮汕分妮:转发微博	赞[0]	2020-07-17 01:14:19	来自iPhone客户端
教父娱乐	:#吴亦凡发长文# #青簪行杀青#恭喜吴亦凡《青簪行》杀青！进组七个多月，横跨三个季节拍摄终于杀青了！期待吴亦凡演绎的睽王李舒白#吴亦凡青簪行# @Mr_凡先生 	2020-07-16 21:41:55    	小凡的怜崽	6323324155	小凡的怜崽:#吴亦凡发长文#	赞[0]	2020-07-17 01:14:06	来自HUAWEI P30
教父娱乐	:#吴亦凡发长文# #青簪行杀青#恭喜吴亦凡《青簪行》杀青！进组七个多月，横跨三个季节拍摄终于杀青了！期待吴亦凡演绎的睽王李舒白#吴亦凡青簪行# @Mr_凡先生 	2020-07-16 21:41:55    	干饭不忘想小凡	6602563395	干饭不忘想小凡:转发微博	赞[0]	2020-07-17 01:28:28	来自vivo 全新水滴屏手机
教父娱乐	:#吴亦凡发长文# #青簪行杀青#恭喜吴亦凡《青簪行》杀青！进组七个多月，横跨三个季节拍摄终于杀青了！期待吴亦凡演绎的睽王李舒白#吴亦凡青簪行# @Mr_凡先生 	2020-07-16 21:41:55    	烤鱼多放香菜	7440539598	烤鱼多放香菜:#吴亦凡发长文#	赞[0]	2020-07-17 01:27:29	来自iPhone客户端
教父娱乐	:#吴亦凡发长文# #青簪行杀青#恭喜吴亦凡《青簪行》杀青！进组七个多月，横跨三个季节拍摄终于杀青了！期待吴亦凡演绎的睽王李舒白#吴亦凡青簪行# @Mr_凡先生 	2020-07-16 21:41:55    	IBACKTO2015	3739707827	IBACKTO2015:#吴亦凡李舒白#	赞[0]	2020-07-17 01:26:48	来自小米Note 3 拍人更美
教父娱乐	:#吴亦凡发长文# #青簪行杀青#恭喜吴亦凡《青簪行》杀青！进组七个多月，横跨三个季节拍摄终于杀青了！期待吴亦凡演绎的睽王李舒白#吴亦凡青簪行# @Mr_凡先生 	2020-07-16 21:41:55    	大魔王-魔法师	3213057405	大魔王-魔法师://@沙了紫麻麻:太期待了！！！“流言往往只反映一部分真相，或者，干脆是虚假的烟雾。”——李舒白；“网络毁人誉人，唯有作品与之抗衡”——吴亦凡。欢迎四嘻八哈第一美人吴亦凡首部电视剧暌暌子加油！@Mr_凡先生 ‖	赞[0]	2020-07-17 01:23:20	来自小米Note 3 拍人更美
教父娱乐	:#吴亦凡发长文# #青簪行杀青#恭喜吴亦凡《青簪行》杀青！进组七个多月，横跨三个季节拍摄终于杀青了！期待吴亦凡演绎的睽王李舒白#吴亦凡青簪行# @Mr_凡先生 	2020-07-16 21:41:55    	大魔王-魔法师	3213057405	大魔王-魔法师://@W是安笙呐:恭喜杀青🎉 雾散见「舒」云，星光映「白」月，红鱼惑人引谜案，玲珑巧思探人心，青簪官宣，暌王归来。谎言说的再多也有被戳穿的时候，戏演的再像，也掩盖不了背后的肮脏，耐心等待只为揭开最终真相。暌家军前来报到，参见王爷@Mr_凡先生	赞[0]	2020-07-17 01:23:08	来自小米Note 3 拍人更美
教父娱乐	:#吴亦凡发长文# #青簪行杀青#恭喜吴亦凡《青簪行》杀青！进组七个多月，横跨三个季节拍摄终于杀青了！期待吴亦凡演绎的睽王李舒白#吴亦凡青簪行# @Mr_凡先生 	2020-07-16 21:41:55    	大魔王-魔法师	3213057405	大魔王-魔法师://@暌王的小宝贝:扑朔迷离的恩怨情仇，不可窥知的命运羁绊，看尽天下江湖风起云涌，一切尽在掌握之中。期待吴亦凡，期待李舒白@Mr_凡先生	赞[0]	2020-07-17 01:22:53	来自小米Note 3 拍人更美
教父娱乐	:#吴亦凡发长文# #青簪行杀青#恭喜吴亦凡《青簪行》杀青！进组七个多月，横跨三个季节拍摄终于杀青了！期待吴亦凡演绎的睽王李舒白#吴亦凡青簪行# @Mr_凡先生 	2020-07-16 21:41:55    	新橙吧嗒	2795806843	新橙吧嗒:转发微博	赞[0]	2020-07-17 01:56:06	来自iPhone客户端
教父娱乐	:#吴亦凡发长文# #青簪行杀青#恭喜吴亦凡《青簪行》杀青！进组七个多月，横跨三个季节拍摄终于杀青了！期待吴亦凡演绎的睽王李舒白#吴亦凡青簪行# @Mr_凡先生 	2020-07-16 21:41:55    	唯爱呆萌大凡凡	6344617554	唯爱呆萌大凡凡:转发微博	赞[0]	2020-07-17 01:38:37	来自前后2000万 OPPO R11s
教父娱乐	:#吴亦凡发长文# #青簪行杀青#恭喜吴亦凡《青簪行》杀青！进组七个多月，横跨三个季节拍摄终于杀青了！期待吴亦凡演绎的睽王李舒白#吴亦凡青簪行# @Mr_凡先生 	2020-07-16 21:41:55    	叫大爷yyy	7066276697	叫大爷yyy:#吴亦凡发长文# #吴亦凡李舒白# 辛苦了吴亦凡	赞[0]	2020-07-17 01:33:48	来自华为手机 畅享玩不停
教父娱乐	:#吴亦凡发长文# #青簪行杀青#恭喜吴亦凡《青簪行》杀青！进组七个多月，横跨三个季节拍摄终于杀青了！期待吴亦凡演绎的睽王李舒白#吴亦凡青簪行# @Mr_凡先生 	2020-07-16 21:41:55    	IBACKTO2015	3739707827	IBACKTO2015://@天天被吴亦凡秒杀:#吴亦凡李舒白# #电视剧青簪行[超话]# 精选热单人	赞[0]	2020-07-17 01:31:58	来自小米Note 3 拍人更美
教父娱乐	:#吴亦凡发长文# #青簪行杀青#恭喜吴亦凡《青簪行》杀青！进组七个多月，横跨三个季节拍摄终于杀青了！期待吴亦凡演绎的睽王李舒白#吴亦凡青簪行# @Mr_凡先生 	2020-07-16 21:41:55    	来峡谷带我飞	6026719733	来峡谷带我飞:哥 我又期待了	赞[1]	2020-07-17 01:29:57	来自iPhone客户端
教父娱乐	:#吴亦凡发长文# #青簪行杀青#恭喜吴亦凡《青簪行》杀青！进组七个多月，横跨三个季节拍摄终于杀青了！期待吴亦凡演绎的睽王李舒白#吴亦凡青簪行# @Mr_凡先生 	2020-07-16 21:41:55    	倦鸟何处寻	6538618184	倦鸟何处寻:转发微博	赞[0]	2020-07-17 02:26:20	来自iPhone客户端
教父娱乐	:#吴亦凡发长文# #青簪行杀青#恭喜吴亦凡《青簪行》杀青！进组七个多月，横跨三个季节拍摄终于杀青了！期待吴亦凡演绎的睽王李舒白#吴亦凡青簪行# @Mr_凡先生 	2020-07-16 21:41:55    	青出于蓝胜于lan	5864473215	青出于蓝胜于lan:雾散见「舒」云，星光映「白」月，红鱼惑人引谜案，玲珑巧思探人心，谎言说的再多也有被戳穿的时候，戏演的再像，也掩盖不了背后的肮脏，耐心等待只为揭开最终真相。睽家军前来报到，参见王爷@Mr_凡先生期待我凡	赞[1]	2020-07-17 02:25:30	来自荣耀Magic2 魔法手机
教父娱乐	:#吴亦凡发长文# #青簪行杀青#恭喜吴亦凡《青簪行》杀青！进组七个多月，横跨三个季节拍摄终于杀青了！期待吴亦凡演绎的睽王李舒白#吴亦凡青簪行# @Mr_凡先生 	2020-07-16 21:41:55    	漂泊在天涯何处	6499293331	漂泊在天涯何处:转发微博	赞[0]	2020-07-17 02:22:36	来自iPhone客户端
教父娱乐	:#吴亦凡发长文# #青簪行杀青#恭喜吴亦凡《青簪行》杀青！进组七个多月，横跨三个季节拍摄终于杀青了！期待吴亦凡演绎的睽王李舒白#吴亦凡青簪行# @Mr_凡先生 	2020-07-16 21:41:55    	梦幻秋色2020	6498089729	梦幻秋色2020:转发微博	赞[0]	2020-07-17 02:19:29	来自iPhone客户端
教父娱乐	:#吴亦凡发长文# #青簪行杀青#恭喜吴亦凡《青簪行》杀青！进组七个多月，横跨三个季节拍摄终于杀青了！期待吴亦凡演绎的睽王李舒白#吴亦凡青簪行# @Mr_凡先生 	2020-07-16 21:41:55    	天涯客之路	5581805826	天涯客之路:转发微博	赞[0]	2020-07-17 02:10:50	来自iPhone客户端
教父娱乐	:#吴亦凡发长文# #青簪行杀青#恭喜吴亦凡《青簪行》杀青！进组七个多月，横跨三个季节拍摄终于杀青了！期待吴亦凡演绎的睽王李舒白#吴亦凡青簪行# @Mr_凡先生 	2020-07-16 21:41:55    	却山砚	6366335074	却山砚://@豆沙BBQ:辛苦拍摄 期待演员吴亦凡作品 #吴亦凡李舒白#	赞[0]	2020-07-17 02:07:18	来自Android
教父娱乐	:#吴亦凡发长文# #青簪行杀青#恭喜吴亦凡《青簪行》杀青！进组七个多月，横跨三个季节拍摄终于杀青了！期待吴亦凡演绎的睽王李舒白#吴亦凡青簪行# @Mr_凡先生 	2020-07-16 21:41:55    	坡上坡下-	7220691897	坡上坡下-:转发微博	赞[0]	2020-07-17 01:59:18	来自iPhone客户端
教父娱乐	:#吴亦凡发长文# #青簪行杀青#恭喜吴亦凡《青簪行》杀青！进组七个多月，横跨三个季节拍摄终于杀青了！期待吴亦凡演绎的睽王李舒白#吴亦凡青簪行# @Mr_凡先生 	2020-07-16 21:41:55    	eovoa	6243729768	eovoa:转发微博	赞[0]	2020-07-17 03:33:57	来自华为手机
教父娱乐	:#吴亦凡发长文# #青簪行杀青#恭喜吴亦凡《青簪行》杀青！进组七个多月，横跨三个季节拍摄终于杀青了！期待吴亦凡演绎的睽王李舒白#吴亦凡青簪行# @Mr_凡先生 	2020-07-16 21:41:55    	我是尘儿尾椎骨	6206457615	我是尘儿尾椎骨:帅哥古装扮相真的太可了	赞[0]	2020-07-17 05:59:36	来自前置双摄vivo X9
教父娱乐	:#吴亦凡发长文# #青簪行杀青#恭喜吴亦凡《青簪行》杀青！进组七个多月，横跨三个季节拍摄终于杀青了！期待吴亦凡演绎的睽王李舒白#吴亦凡青簪行# @Mr_凡先生 	2020-07-16 21:41:55    	帅哒敏儿	5601436055	帅哒敏儿:	赞[0]	2020-07-17 05:52:27	来自nova4自拍极点全面屏
教父娱乐	:#吴亦凡发长文# #青簪行杀青#恭喜吴亦凡《青簪行》杀青！进组七个多月，横跨三个季节拍摄终于杀青了！期待吴亦凡演绎的睽王李舒白#吴亦凡青簪行# @Mr_凡先生 	2020-07-16 21:41:55    	薯途同归	6498528366	薯途同归:转发微博	赞[0]	2020-07-17 05:40:47	来自HUAWEI Mate 20 X
教父娱乐	:#吴亦凡发长文# #青簪行杀青#恭喜吴亦凡《青簪行》杀青！进组七个多月，横跨三个季节拍摄终于杀青了！期待吴亦凡演绎的睽王李舒白#吴亦凡青簪行# @Mr_凡先生 	2020-07-16 21:41:55    	熟熟糊糊	5252574672	熟熟糊糊:恭喜青簪行杀青，期待李舒白	赞[0]	2020-07-17 05:38:49	来自小米Note 3 拍人更美
教父娱乐	:#吴亦凡发长文# #青簪行杀青#恭喜吴亦凡《青簪行》杀青！进组七个多月，横跨三个季节拍摄终于杀青了！期待吴亦凡演绎的睽王李舒白#吴亦凡青簪行# @Mr_凡先生 	2020-07-16 21:41:55    	焰魂之魄	3860341573	焰魂之魄://@豆沙BBQ:辛苦拍摄 期待演员吴亦凡作品 #吴亦凡李舒白# 	赞[0]	2020-07-17 05:36:20	来自iPhone客户端
教父娱乐	:#吴亦凡发长文# #青簪行杀青#恭喜吴亦凡《青簪行》杀青！进组七个多月，横跨三个季节拍摄终于杀青了！期待吴亦凡演绎的睽王李舒白#吴亦凡青簪行# @Mr_凡先生 	2020-07-16 21:41:55    	遨游宇宙David	5136521025	遨游宇宙David:转发微博	赞[0]	2020-07-17 05:33:52	来自小米MIX 2 全面屏手机
教父娱乐	:#吴亦凡发长文# #青簪行杀青#恭喜吴亦凡《青簪行》杀青！进组七个多月，横跨三个季节拍摄终于杀青了！期待吴亦凡演绎的睽王李舒白#吴亦凡青簪行# @Mr_凡先生 	2020-07-16 21:41:55    	球喵喵喵	2420525722	球喵喵喵:爷青回爷青回爷青回	赞[0]	2020-07-17 05:28:58	来自OPPO R9
教父娱乐	:#吴亦凡发长文# #青簪行杀青#恭喜吴亦凡《青簪行》杀青！进组七个多月，横跨三个季节拍摄终于杀青了！期待吴亦凡演绎的睽王李舒白#吴亦凡青簪行# @Mr_凡先生 	2020-07-16 21:41:55    	遨游宇宙David	5136521025	遨游宇宙David:转发微博	赞[0]	2020-07-17 05:25:15	来自小米MIX 2 全面屏手机
教父娱乐	:#吴亦凡发长文# #青簪行杀青#恭喜吴亦凡《青簪行》杀青！进组七个多月，横跨三个季节拍摄终于杀青了！期待吴亦凡演绎的睽王李舒白#吴亦凡青簪行# @Mr_凡先生 	2020-07-16 21:41:55    	兔小夫斯基	5538855117	兔小夫斯基:转发微博	赞[0]	2020-07-17 05:18:38	来自OPPO R11 Plus
教父娱乐	:#吴亦凡发长文# #青簪行杀青#恭喜吴亦凡《青簪行》杀青！进组七个多月，横跨三个季节拍摄终于杀青了！期待吴亦凡演绎的睽王李舒白#吴亦凡青簪行# @Mr_凡先生 	2020-07-16 21:41:55    	今天也点赞了	5553829679	今天也点赞了:期待李舒白	赞[0]	2020-07-17 06:59:37	来自Android
教父娱乐	:#吴亦凡发长文# #青簪行杀青#恭喜吴亦凡《青簪行》杀青！进组七个多月，横跨三个季节拍摄终于杀青了！期待吴亦凡演绎的睽王李舒白#吴亦凡青簪行# @Mr_凡先生 	2020-07-16 21:41:55    	改个什么名字好呢我想一想	5948607894	改个什么名字好呢我想一想:转发微博	赞[0]	2020-07-17 06:55:53	来自nova5 人像超级夜景
教父娱乐	:#吴亦凡发长文# #青簪行杀青#恭喜吴亦凡《青簪行》杀青！进组七个多月，横跨三个季节拍摄终于杀青了！期待吴亦凡演绎的睽王李舒白#吴亦凡青簪行# @Mr_凡先生 	2020-07-16 21:41:55    	老虎爱吃麻辣素丝儿	6654369400	老虎爱吃麻辣素丝儿:转发微博	赞[0]	2020-07-17 06:47:47	来自vivo智能手机
教父娱乐	:#吴亦凡发长文# #青簪行杀青#恭喜吴亦凡《青簪行》杀青！进组七个多月，横跨三个季节拍摄终于杀青了！期待吴亦凡演绎的睽王李舒白#吴亦凡青簪行# @Mr_凡先生 	2020-07-16 21:41:55    	尼尼是苏妮	6995106012	尼尼是苏妮:#吴亦凡发长文# #吴亦凡青簪行#	赞[0]	2020-07-17 06:43:39	来自vivo智能手机
教父娱乐	:#吴亦凡发长文# #青簪行杀青#恭喜吴亦凡《青簪行》杀青！进组七个多月，横跨三个季节拍摄终于杀青了！期待吴亦凡演绎的睽王李舒白#吴亦凡青簪行# @Mr_凡先生 	2020-07-16 21:41:55    	米阿你真是仙女阿	3643068650	米阿你真是仙女阿:转发微博	赞[0]	2020-07-17 06:37:59	来自HUAWEI P30
教父娱乐	:#吴亦凡发长文# #青簪行杀青#恭喜吴亦凡《青簪行》杀青！进组七个多月，横跨三个季节拍摄终于杀青了！期待吴亦凡演绎的睽王李舒白#吴亦凡青簪行# @Mr_凡先生 	2020-07-16 21:41:55    	Mocia1106	3768964581	Mocia1106:#吴亦凡发长文#	赞[0]	2020-07-17 06:25:53	来自
教父娱乐	:#吴亦凡发长文# #青簪行杀青#恭喜吴亦凡《青簪行》杀青！进组七个多月，横跨三个季节拍摄终于杀青了！期待吴亦凡演绎的睽王李舒白#吴亦凡青簪行# @Mr_凡先生 	2020-07-16 21:41:55    	鲵的暌王妃	3810545659	鲵的暌王妃:转发微博	赞[0]	2020-07-17 06:13:52	来自OPPO超视野全面屏R15
教父娱乐	:#吴亦凡发长文# #青簪行杀青#恭喜吴亦凡《青簪行》杀青！进组七个多月，横跨三个季节拍摄终于杀青了！期待吴亦凡演绎的睽王李舒白#吴亦凡青簪行# @Mr_凡先生 	2020-07-16 21:41:55    	宋宋i18	6855531146	宋宋i18:转发微博	赞[0]	2020-07-17 06:01:00	来自OPPO随光而变R17
教父娱乐	:#吴亦凡发长文# #青簪行杀青#恭喜吴亦凡《青簪行》杀青！进组七个多月，横跨三个季节拍摄终于杀青了！期待吴亦凡演绎的睽王李舒白#吴亦凡青簪行# @Mr_凡先生 	2020-07-16 21:41:55    	红豆泥加51碗饭	2894601061	红豆泥加51碗饭:期待李舒白#吴亦凡发长文#	赞[0]	2020-07-17 07:25:53	来自前后2000万 OPPO R11
教父娱乐	:#吴亦凡发长文# #青簪行杀青#恭喜吴亦凡《青簪行》杀青！进组七个多月，横跨三个季节拍摄终于杀青了！期待吴亦凡演绎的睽王李舒白#吴亦凡青簪行# @Mr_凡先生 	2020-07-16 21:41:55    	红豆泥加51碗饭	2894601061	红豆泥加51碗饭:期待吴亦凡	赞[0]	2020-07-17 07:25:47	来自前后2000万 OPPO R11
教父娱乐	:#吴亦凡发长文# #青簪行杀青#恭喜吴亦凡《青簪行》杀青！进组七个多月，横跨三个季节拍摄终于杀青了！期待吴亦凡演绎的睽王李舒白#吴亦凡青簪行# @Mr_凡先生 	2020-07-16 21:41:55    	暴躁大头不吃藕	3991914307	暴躁大头不吃藕:转发微博	赞[0]	2020-07-17 07:24:54	来自iPhone客户端
教父娱乐	:#吴亦凡发长文# #青簪行杀青#恭喜吴亦凡《青簪行》杀青！进组七个多月，横跨三个季节拍摄终于杀青了！期待吴亦凡演绎的睽王李舒白#吴亦凡青簪行# @Mr_凡先生 	2020-07-16 21:41:55    	薛定谔的凡	5704822982	薛定谔的凡:转发微博	赞[0]	2020-07-17 07:24:43	来自荣耀20 PRO
教父娱乐	:#吴亦凡发长文# #青簪行杀青#恭喜吴亦凡《青簪行》杀青！进组七个多月，横跨三个季节拍摄终于杀青了！期待吴亦凡演绎的睽王李舒白#吴亦凡青簪行# @Mr_凡先生 	2020-07-16 21:41:55    	虎妮本妮	7008615807	虎妮本妮:扑朔迷离的恩怨情仇，不可窥知的命运羁绊，看尽天下江湖风起云涌，一切尽在掌握之中。期待吴亦凡，期待李舒白@Mr_凡先生#吴亦凡[超话]##吴亦凡# #吴亦凡发长文# #吴亦凡青簪行#	赞[0]	2020-07-17 07:10:17	来自前后2000万 OPPO R11
教父娱乐	:#吴亦凡发长文# #青簪行杀青#恭喜吴亦凡《青簪行》杀青！进组七个多月，横跨三个季节拍摄终于杀青了！期待吴亦凡演绎的睽王李舒白#吴亦凡青簪行# @Mr_凡先生 	2020-07-16 21:41:55    	20XX糖果罐Zran	5890409374	20XX糖果罐Zran:转发微博	赞[0]	2020-07-17 07:08:46	来自HUAWEI Mate 30 5G
教父娱乐	:#吴亦凡发长文# #青簪行杀青#恭喜吴亦凡《青簪行》杀青！进组七个多月，横跨三个季节拍摄终于杀青了！期待吴亦凡演绎的睽王李舒白#吴亦凡青簪行# @Mr_凡先生 	2020-07-16 21:41:55    	麍酸乸ss	2257919705	麍酸乸ss:转发微博	赞[0]	2020-07-17 07:44:27	来自iPhone客户端
教父娱乐	:#吴亦凡发长文# #青簪行杀青#恭喜吴亦凡《青簪行》杀青！进组七个多月，横跨三个季节拍摄终于杀青了！期待吴亦凡演绎的睽王李舒白#吴亦凡青簪行# @Mr_凡先生 	2020-07-16 21:41:55    	三木39049	5372576424	三木39049:转发微博	赞[0]	2020-07-17 07:43:18	来自麦芒6 边界，我来超越
教父娱乐	:#吴亦凡发长文# #青簪行杀青#恭喜吴亦凡《青簪行》杀青！进组七个多月，横跨三个季节拍摄终于杀青了！期待吴亦凡演绎的睽王李舒白#吴亦凡青簪行# @Mr_凡先生 	2020-07-16 21:41:55    	风动幡动心却不动	2851576421	风动幡动心却不动:#吴亦凡发长文# #电视剧青簪行# 杀青了，不管怎样的声音也不能影响我们对你第一部电视剧的喜爱，@Mr_凡先生 	赞[0]	2020-07-17 07:41:16	来自小米8周年旗舰手机
教父娱乐	:#吴亦凡发长文# #青簪行杀青#恭喜吴亦凡《青簪行》杀青！进组七个多月，横跨三个季节拍摄终于杀青了！期待吴亦凡演绎的睽王李舒白#吴亦凡青簪行# @Mr_凡先生 	2020-07-16 21:41:55    	想陪吴亦凡看极光	6597318504	想陪吴亦凡看极光:转发微博	赞[0]	2020-07-17 07:34:52	来自小米8周年旗舰手机
教父娱乐	:#吴亦凡发长文# #青簪行杀青#恭喜吴亦凡《青簪行》杀青！进组七个多月，横跨三个季节拍摄终于杀青了！期待吴亦凡演绎的睽王李舒白#吴亦凡青簪行# @Mr_凡先生 	2020-07-16 21:41:55    	萍萍萍萍萍萍w	6047189197	萍萍萍萍萍萍w:期待李舒白！！！	赞[0]	2020-07-17 07:31:45	来自OPPO A11x
教父娱乐	:#吴亦凡发长文# #青簪行杀青#恭喜吴亦凡《青簪行》杀青！进组七个多月，横跨三个季节拍摄终于杀青了！期待吴亦凡演绎的睽王李舒白#吴亦凡青簪行# @Mr_凡先生 	2020-07-16 21:41:55    	宇智波茶吖	6995107260	宇智波茶吖:雾散见「舒」云，星光映「白」月，红鱼惑人引谜案，玲珑巧思探人心，谎言说的再多也有被戳穿的时候，戏演的再像，也掩盖不了背后的肮脏，耐心等待只为揭开最终真相。睽家军前来报到，参见王爷@Mr_凡先生	赞[0]	2020-07-17 07:27:23	来自vivo智能手机
教父娱乐	:#吴亦凡发长文# #青簪行杀青#恭喜吴亦凡《青簪行》杀青！进组七个多月，横跨三个季节拍摄终于杀青了！期待吴亦凡演绎的睽王李舒白#吴亦凡青簪行# @Mr_凡先生 	2020-07-16 21:41:55    	愿你做个平凡人	2656921602	愿你做个平凡人:#吴亦凡发长文# #吴亦凡李舒白#	赞[0]	2020-07-17 09:27:20	来自麦芒6 边界，我来超越
教父娱乐	:#吴亦凡发长文# #青簪行杀青#恭喜吴亦凡《青簪行》杀青！进组七个多月，横跨三个季节拍摄终于杀青了！期待吴亦凡演绎的睽王李舒白#吴亦凡青簪行# @Mr_凡先生 	2020-07-16 21:41:55    	六市三街	5943832263	六市三街:转发微博	赞[0]	2020-07-17 08:32:43	来自HUAWEI Mate 30 5G
教父娱乐	:#吴亦凡发长文# #青簪行杀青#恭喜吴亦凡《青簪行》杀青！进组七个多月，横跨三个季节拍摄终于杀青了！期待吴亦凡演绎的睽王李舒白#吴亦凡青簪行# @Mr_凡先生 	2020-07-16 21:41:55    	糕瑰路人	5621021889	糕瑰路人:转发微博	赞[0]	2020-07-17 08:14:51	来自iPad Pro
教父娱乐	:#吴亦凡发长文# #青簪行杀青#恭喜吴亦凡《青簪行》杀青！进组七个多月，横跨三个季节拍摄终于杀青了！期待吴亦凡演绎的睽王李舒白#吴亦凡青簪行# @Mr_凡先生 	2020-07-16 21:41:55    	雾绕春川	5270988966	雾绕春川:转发微博	赞[0]	2020-07-17 07:49:57	来自HUAWEI P40 5G
教父娱乐	:#吴亦凡发长文# #青簪行杀青#恭喜吴亦凡《青簪行》杀青！进组七个多月，横跨三个季节拍摄终于杀青了！期待吴亦凡演绎的睽王李舒白#吴亦凡青簪行# @Mr_凡先生 	2020-07-16 21:41:55    	_最后是你就好	7362207073	_最后是你就好:期待吴亦凡//@豆沙BBQ:辛苦拍摄 期待演员吴亦凡作品 #吴亦凡李舒白#	赞[0]	2020-07-17 10:11:15	来自小米6X 拍人更美
教父娱乐	:#吴亦凡发长文# #青簪行杀青#恭喜吴亦凡《青簪行》杀青！进组七个多月，横跨三个季节拍摄终于杀青了！期待吴亦凡演绎的睽王李舒白#吴亦凡青簪行# @Mr_凡先生 	2020-07-16 21:41:55    	_最后是你就好	7362207073	_最后是你就好:期待//@豆沙BBQ:辛苦拍摄 期待演员吴亦凡作品 #吴亦凡李舒白#	赞[0]	2020-07-17 10:11:08	来自小米6X 拍人更美
教父娱乐	:#吴亦凡发长文# #青簪行杀青#恭喜吴亦凡《青簪行》杀青！进组七个多月，横跨三个季节拍摄终于杀青了！期待吴亦凡演绎的睽王李舒白#吴亦凡青簪行# @Mr_凡先生 	2020-07-16 21:41:55    	_最后是你就好	7362207073	_最后是你就好://@豆沙BBQ:辛苦拍摄 期待演员吴亦凡作品 #吴亦凡李舒白#	赞[0]	2020-07-17 10:11:02	来自小米6X 拍人更美
教父娱乐	:#吴亦凡发长文# #青簪行杀青#恭喜吴亦凡《青簪行》杀青！进组七个多月，横跨三个季节拍摄终于杀青了！期待吴亦凡演绎的睽王李舒白#吴亦凡青簪行# @Mr_凡先生 	2020-07-16 21:41:55    	子书不繁	5409766346	子书不繁:转发微博	赞[0]	2020-07-17 10:04:05	来自Android
教父娱乐	:#吴亦凡发长文# #青簪行杀青#恭喜吴亦凡《青簪行》杀青！进组七个多月，横跨三个季节拍摄终于杀青了！期待吴亦凡演绎的睽王李舒白#吴亦凡青簪行# @Mr_凡先生 	2020-07-16 21:41:55    	大家好我是吴夫人	5638898140	大家好我是吴夫人:转发微博	赞[0]	2020-07-17 09:53:47	来自iPhone客户端
教父娱乐	:#吴亦凡发长文# #青簪行杀青#恭喜吴亦凡《青簪行》杀青！进组七个多月，横跨三个季节拍摄终于杀青了！期待吴亦凡演绎的睽王李舒白#吴亦凡青簪行# @Mr_凡先生 	2020-07-16 21:41:55    	20XXclubforever	6429661054	20XXclubforever:转发微博	赞[0]	2020-07-17 11:57:28	来自iPad Pro
教父娱乐	:#吴亦凡发长文# #青簪行杀青#恭喜吴亦凡《青簪行》杀青！进组七个多月，横跨三个季节拍摄终于杀青了！期待吴亦凡演绎的睽王李舒白#吴亦凡青簪行# @Mr_凡先生 	2020-07-16 21:41:55    	小k童学	6574001732	小k童学:转发微博	赞[0]	2020-07-17 11:20:11	来自小米6X 拍人更美
教父娱乐	:#吴亦凡发长文# #青簪行杀青#恭喜吴亦凡《青簪行》杀青！进组七个多月，横跨三个季节拍摄终于杀青了！期待吴亦凡演绎的睽王李舒白#吴亦凡青簪行# @Mr_凡先生 	2020-07-16 21:41:55    	Kris声音好好听	6140163888	Kris声音好好听:期待//@豆沙BBQ:辛苦拍摄 期待演员吴亦凡作品 #吴亦凡李舒白#	赞[0]	2020-07-17 16:45:41	来自小米6X 拍人更美
教父娱乐	:#吴亦凡发长文# #青簪行杀青#恭喜吴亦凡《青簪行》杀青！进组七个多月，横跨三个季节拍摄终于杀青了！期待吴亦凡演绎的睽王李舒白#吴亦凡青簪行# @Mr_凡先生 	2020-07-16 21:41:55    	Kris声音好好听	6140163888	Kris声音好好听://@豆沙BBQ:辛苦拍摄 期待演员吴亦凡作品 #吴亦凡李舒白#	赞[0]	2020-07-17 16:45:30	来自小米6X 拍人更美
教父娱乐	:#吴亦凡发长文# #青簪行杀青#恭喜吴亦凡《青簪行》杀青！进组七个多月，横跨三个季节拍摄终于杀青了！期待吴亦凡演绎的睽王李舒白#吴亦凡青簪行# @Mr_凡先生 	2020-07-16 21:41:55    	krisy_eol	6342048290	krisy_eol:#吴亦凡李舒白# //@豆沙BBQ:辛苦拍摄 期待演员吴亦凡作品 #吴亦凡李舒白#	赞[0]	2020-07-17 16:06:23	来自小米6X 拍人更美
教父娱乐	:#吴亦凡发长文# #青簪行杀青#恭喜吴亦凡《青簪行》杀青！进组七个多月，横跨三个季节拍摄终于杀青了！期待吴亦凡演绎的睽王李舒白#吴亦凡青簪行# @Mr_凡先生 	2020-07-16 21:41:55    	krisy_eol	6342048290	krisy_eol:期待//@豆沙BBQ:辛苦拍摄 期待演员吴亦凡作品 #吴亦凡李舒白#	赞[0]	2020-07-17 16:06:14	来自小米6X 拍人更美
教父娱乐	:#吴亦凡发长文# #青簪行杀青#恭喜吴亦凡《青簪行》杀青！进组七个多月，横跨三个季节拍摄终于杀青了！期待吴亦凡演绎的睽王李舒白#吴亦凡青簪行# @Mr_凡先生 	2020-07-16 21:41:55    	krisy_eol	6342048290	krisy_eol://@豆沙BBQ:辛苦拍摄 期待演员吴亦凡作品 #吴亦凡李舒白#	赞[0]	2020-07-17 16:06:09	来自小米6X 拍人更美
教父娱乐	:#吴亦凡发长文# #青簪行杀青#恭喜吴亦凡《青簪行》杀青！进组七个多月，横跨三个季节拍摄终于杀青了！期待吴亦凡演绎的睽王李舒白#吴亦凡青簪行# @Mr_凡先生 	2020-07-16 21:41:55    	我非瘦不行	6091293404	我非瘦不行:转发微博	赞[0]	2020-07-17 14:32:22	来自OPPO智能手机
教父娱乐	:#吴亦凡发长文# #青簪行杀青#恭喜吴亦凡《青簪行》杀青！进组七个多月，横跨三个季节拍摄终于杀青了！期待吴亦凡演绎的睽王李舒白#吴亦凡青簪行# @Mr_凡先生 	2020-07-16 21:41:55    	20xxforever	6422568843	20xxforever:轉發微博	赞[0]	2020-07-17 13:36:50	来自iPad Pro
教父娱乐	:#吴亦凡发长文# #青簪行杀青#恭喜吴亦凡《青簪行》杀青！进组七个多月，横跨三个季节拍摄终于杀青了！期待吴亦凡演绎的睽王李舒白#吴亦凡青簪行# @Mr_凡先生 	2020-07-16 21:41:55    	我是萌娃i	6481239867	我是萌娃i:转发微博	赞[0]	2020-07-17 21:31:13	来自微博 weibo.com
教父娱乐	:#吴亦凡发长文# #青簪行杀青#恭喜吴亦凡《青簪行》杀青！进组七个多月，横跨三个季节拍摄终于杀青了！期待吴亦凡演绎的睽王李舒白#吴亦凡青簪行# @Mr_凡先生 	2020-07-16 21:41:55    	捣碎了星光	6194891614	捣碎了星光:#吴亦凡[超话]##吴亦凡发长文# @Mr_凡先生 	赞[0]	2020-07-17 18:12:51	来自Android
教父娱乐	:#吴亦凡发长文# #青簪行杀青#恭喜吴亦凡《青簪行》杀青！进组七个多月，横跨三个季节拍摄终于杀青了！期待吴亦凡演绎的睽王李舒白#吴亦凡青簪行# @Mr_凡先生 	2020-07-16 21:41:55    	亲亲嘴嘴巴_	2140679920	亲亲嘴嘴巴_:转发微博	赞[0]	2020-07-17 16:58:39	来自Android
教父娱乐	:#吴亦凡发长文# #青簪行杀青#恭喜吴亦凡《青簪行》杀青！进组七个多月，横跨三个季节拍摄终于杀青了！期待吴亦凡演绎的睽王李舒白#吴亦凡青簪行# @Mr_凡先生 	2020-07-16 21:41:55    	微微_FuFu	2132720594	微微_FuFu:转发微博	赞[0]	2020-07-17 16:56:31	来自三星android智能手机
教父娱乐	:#吴亦凡发长文# #青簪行杀青#恭喜吴亦凡《青簪行》杀青！进组七个多月，横跨三个季节拍摄终于杀青了！期待吴亦凡演绎的睽王李舒白#吴亦凡青簪行# @Mr_凡先生 	2020-07-16 21:41:55    	Selfish1106	6538289718	Selfish1106:#吴亦凡[超话]#	赞[0]	2020-07-19 16:29:57	来自vivo智能手机
教父娱乐	:#吴亦凡发长文# #青簪行杀青#恭喜吴亦凡《青簪行》杀青！进组七个多月，横跨三个季节拍摄终于杀青了！期待吴亦凡演绎的睽王李舒白#吴亦凡青簪行# @Mr_凡先生 	2020-07-16 21:41:55    	DrAgonzsky	5024349689	DrAgonzsky:转起来	赞[0]	2020-07-18 22:16:57	来自iPhone
教父娱乐	:#吴亦凡发长文# #青簪行杀青#恭喜吴亦凡《青簪行》杀青！进组七个多月，横跨三个季节拍摄终于杀青了！期待吴亦凡演绎的睽王李舒白#吴亦凡青簪行# @Mr_凡先生 	2020-07-16 21:41:55    	大大大大大菊子	2772844703	大大大大大菊子:转发微博	赞[0]	2020-07-19 19:30:47	来自nova 5z
