原用户名	原内容	原发布时间	转发用户名	转发用户id	转发内容	点赞数	转发时间	转发来源
检察日报	:【#六部门发文治理未成年人网络环境#】近日，教育部等六部门发文治理未成年人网络环境：①#加大对饭圈黑界祖安文化治理力度#，对涉未成年人网络社交中出现的侮辱谩骂、人身攻击、恶意举报等网络欺凌和暴力行为予以查处；②从严整治青少年常用工具类应用程序恶意弹窗；③严厉打击即时通讯工具群圈、社交平台诱导未成年人自残自杀和教唆未成年人犯罪的信息和行为。六部门联合印发通知：重拳治理未成年人网络环境！	2020-08-26 09:29:37    	十年方释w	5633203081	十年方释w:整改真不错，恶臭引战骂战只能让部分未成年人沦为被误导被利用去伤害别人的工具！网络对未成年人来说不应该是这样的存在！我们要给未成年人一片蔚蓝天空！	赞[0]	2020-08-26 09:35:44	来自微博国际版
检察日报	:【#六部门发文治理未成年人网络环境#】近日，教育部等六部门发文治理未成年人网络环境：①#加大对饭圈黑界祖安文化治理力度#，对涉未成年人网络社交中出现的侮辱谩骂、人身攻击、恶意举报等网络欺凌和暴力行为予以查处；②从严整治青少年常用工具类应用程序恶意弹窗；③严厉打击即时通讯工具群圈、社交平台诱导未成年人自残自杀和教唆未成年人犯罪的信息和行为。六部门联合印发通知：重拳治理未成年人网络环境！	2020-08-26 09:29:37    	月下怀远	galaxyww	月下怀远:#网络信息内容生态治理# 雨点狠狠砸下来吧！	赞[0]	2020-08-26 09:32:54	来自缀银河Android
检察日报	:【#六部门发文治理未成年人网络环境#】近日，教育部等六部门发文治理未成年人网络环境：①#加大对饭圈黑界祖安文化治理力度#，对涉未成年人网络社交中出现的侮辱谩骂、人身攻击、恶意举报等网络欺凌和暴力行为予以查处；②从严整治青少年常用工具类应用程序恶意弹窗；③严厉打击即时通讯工具群圈、社交平台诱导未成年人自残自杀和教唆未成年人犯罪的信息和行为。六部门联合印发通知：重拳治理未成年人网络环境！	2020-08-26 09:29:37    	广州南沙检察	nsjcy	广州南沙检察:【#六部门发文治理未成年人网络环境#】	赞[2]	2020-08-26 09:32:07	来自微博 weibo.com
检察日报	:【#六部门发文治理未成年人网络环境#】近日，教育部等六部门发文治理未成年人网络环境：①#加大对饭圈黑界祖安文化治理力度#，对涉未成年人网络社交中出现的侮辱谩骂、人身攻击、恶意举报等网络欺凌和暴力行为予以查处；②从严整治青少年常用工具类应用程序恶意弹窗；③严厉打击即时通讯工具群圈、社交平台诱导未成年人自残自杀和教唆未成年人犯罪的信息和行为。六部门联合印发通知：重拳治理未成年人网络环境！	2020-08-26 09:29:37    	新右旗法院	3963765985	新右旗法院:转发微博	赞[0]	2020-08-26 09:31:20	来自小米9 Pro 5G
检察日报	:【#六部门发文治理未成年人网络环境#】近日，教育部等六部门发文治理未成年人网络环境：①#加大对饭圈黑界祖安文化治理力度#，对涉未成年人网络社交中出现的侮辱谩骂、人身攻击、恶意举报等网络欺凌和暴力行为予以查处；②从严整治青少年常用工具类应用程序恶意弹窗；③严厉打击即时通讯工具群圈、社交平台诱导未成年人自残自杀和教唆未成年人犯罪的信息和行为。六部门联合印发通知：重拳治理未成年人网络环境！	2020-08-26 09:29:37    	豌豆夹豆瓣	5664628900	豌豆夹豆瓣:转发微博	赞[0]	2020-08-26 09:38:47	来自前后2000万 OPPO R11s
检察日报	:【#六部门发文治理未成年人网络环境#】近日，教育部等六部门发文治理未成年人网络环境：①#加大对饭圈黑界祖安文化治理力度#，对涉未成年人网络社交中出现的侮辱谩骂、人身攻击、恶意举报等网络欺凌和暴力行为予以查处；②从严整治青少年常用工具类应用程序恶意弹窗；③严厉打击即时通讯工具群圈、社交平台诱导未成年人自残自杀和教唆未成年人犯罪的信息和行为。六部门联合印发通知：重拳治理未成年人网络环境！	2020-08-26 09:29:37    	万钟一发系于一心	2088723437	万钟一发系于一心:转发微博	赞[0]	2020-08-26 09:38:22	来自三星Galaxy S9+
检察日报	:【#六部门发文治理未成年人网络环境#】近日，教育部等六部门发文治理未成年人网络环境：①#加大对饭圈黑界祖安文化治理力度#，对涉未成年人网络社交中出现的侮辱谩骂、人身攻击、恶意举报等网络欺凌和暴力行为予以查处；②从严整治青少年常用工具类应用程序恶意弹窗；③严厉打击即时通讯工具群圈、社交平台诱导未成年人自残自杀和教唆未成年人犯罪的信息和行为。六部门联合印发通知：重拳治理未成年人网络环境！	2020-08-26 09:29:37    	元清的大明汪了	5970576638	元清的大明汪了://@别有轮回:希望把未成年从成年人的网络环境中剔出去	赞[0]	2020-08-26 09:37:44	来自OPPO K5
检察日报	:【#六部门发文治理未成年人网络环境#】近日，教育部等六部门发文治理未成年人网络环境：①#加大对饭圈黑界祖安文化治理力度#，对涉未成年人网络社交中出现的侮辱谩骂、人身攻击、恶意举报等网络欺凌和暴力行为予以查处；②从严整治青少年常用工具类应用程序恶意弹窗；③严厉打击即时通讯工具群圈、社交平台诱导未成年人自残自杀和教唆未成年人犯罪的信息和行为。六部门联合印发通知：重拳治理未成年人网络环境！	2020-08-26 09:29:37    	兰州市七里河区检察院	5134766397	兰州市七里河区检察院:转发微博	赞[13]	2020-08-26 09:37:11	来自微博 weibo.com
检察日报	:【#六部门发文治理未成年人网络环境#】近日，教育部等六部门发文治理未成年人网络环境：①#加大对饭圈黑界祖安文化治理力度#，对涉未成年人网络社交中出现的侮辱谩骂、人身攻击、恶意举报等网络欺凌和暴力行为予以查处；②从严整治青少年常用工具类应用程序恶意弹窗；③严厉打击即时通讯工具群圈、社交平台诱导未成年人自残自杀和教唆未成年人犯罪的信息和行为。六部门联合印发通知：重拳治理未成年人网络环境！	2020-08-26 09:29:37    	饭圈嘟嘟	1658631917	饭圈嘟嘟:支持早日整顿	赞[84]	2020-08-26 09:36:41	来自
检察日报	:【#六部门发文治理未成年人网络环境#】近日，教育部等六部门发文治理未成年人网络环境：①#加大对饭圈黑界祖安文化治理力度#，对涉未成年人网络社交中出现的侮辱谩骂、人身攻击、恶意举报等网络欺凌和暴力行为予以查处；②从严整治青少年常用工具类应用程序恶意弹窗；③严厉打击即时通讯工具群圈、社交平台诱导未成年人自残自杀和教唆未成年人犯罪的信息和行为。六部门联合印发通知：重拳治理未成年人网络环境！	2020-08-26 09:29:37    	兔子不吃窝边瓜	6936680436	兔子不吃窝边瓜:支持	赞[1]	2020-08-26 09:36:08	来自vivo Y81系列
检察日报	:【#六部门发文治理未成年人网络环境#】近日，教育部等六部门发文治理未成年人网络环境：①#加大对饭圈黑界祖安文化治理力度#，对涉未成年人网络社交中出现的侮辱谩骂、人身攻击、恶意举报等网络欺凌和暴力行为予以查处；②从严整治青少年常用工具类应用程序恶意弹窗；③严厉打击即时通讯工具群圈、社交平台诱导未成年人自残自杀和教唆未成年人犯罪的信息和行为。六部门联合印发通知：重拳治理未成年人网络环境！	2020-08-26 09:29:37    	时影时羡大神官	1775564765	时影时羡大神官:支持//@肥仔11116:希望真正落实下去，而不是走走形式。	赞[0]	2020-08-26 09:42:53	来自iPhone客户端
检察日报	:【#六部门发文治理未成年人网络环境#】近日，教育部等六部门发文治理未成年人网络环境：①#加大对饭圈黑界祖安文化治理力度#，对涉未成年人网络社交中出现的侮辱谩骂、人身攻击、恶意举报等网络欺凌和暴力行为予以查处；②从严整治青少年常用工具类应用程序恶意弹窗；③严厉打击即时通讯工具群圈、社交平台诱导未成年人自残自杀和教唆未成年人犯罪的信息和行为。六部门联合印发通知：重拳治理未成年人网络环境！	2020-08-26 09:29:37    	大明湖畔的去哪儿	5616906817	大明湖畔的去哪儿:非常支持	赞[0]	2020-08-26 09:42:19	来自HUAWEI Mate 20 X
检察日报	:【#六部门发文治理未成年人网络环境#】近日，教育部等六部门发文治理未成年人网络环境：①#加大对饭圈黑界祖安文化治理力度#，对涉未成年人网络社交中出现的侮辱谩骂、人身攻击、恶意举报等网络欺凌和暴力行为予以查处；②从严整治青少年常用工具类应用程序恶意弹窗；③严厉打击即时通讯工具群圈、社交平台诱导未成年人自残自杀和教唆未成年人犯罪的信息和行为。六部门联合印发通知：重拳治理未成年人网络环境！	2020-08-26 09:29:37    	Ania卿	5476882459	Ania卿:速度点//@饭圈嘟嘟 :支持早日整顿	赞[0]	2020-08-26 09:41:51	来自微博国际版
检察日报	:【#六部门发文治理未成年人网络环境#】近日，教育部等六部门发文治理未成年人网络环境：①#加大对饭圈黑界祖安文化治理力度#，对涉未成年人网络社交中出现的侮辱谩骂、人身攻击、恶意举报等网络欺凌和暴力行为予以查处；②从严整治青少年常用工具类应用程序恶意弹窗；③严厉打击即时通讯工具群圈、社交平台诱导未成年人自残自杀和教唆未成年人犯罪的信息和行为。六部门联合印发通知：重拳治理未成年人网络环境！	2020-08-26 09:29:37    	有钱暴富富富	6612269360	有钱暴富富富:封这封那都没有，过了一段时间不还是卷土重来，唯有彻底的实名制才是改善网络环境的有效手段~ 让每一个人都要为自己说过的每一句话付出代价，要不然一切都是白扯！！！	赞[0]	2020-08-26 09:41:42	来自三星android智能手机
检察日报	:【#六部门发文治理未成年人网络环境#】近日，教育部等六部门发文治理未成年人网络环境：①#加大对饭圈黑界祖安文化治理力度#，对涉未成年人网络社交中出现的侮辱谩骂、人身攻击、恶意举报等网络欺凌和暴力行为予以查处；②从严整治青少年常用工具类应用程序恶意弹窗；③严厉打击即时通讯工具群圈、社交平台诱导未成年人自残自杀和教唆未成年人犯罪的信息和行为。六部门联合印发通知：重拳治理未成年人网络环境！	2020-08-26 09:29:37    	一锅小山河	6873210670	一锅小山河:早日整顿早日清！！！！	赞[0]	2020-08-26 09:41:30	来自Android
检察日报	:【#六部门发文治理未成年人网络环境#】近日，教育部等六部门发文治理未成年人网络环境：①#加大对饭圈黑界祖安文化治理力度#，对涉未成年人网络社交中出现的侮辱谩骂、人身攻击、恶意举报等网络欺凌和暴力行为予以查处；②从严整治青少年常用工具类应用程序恶意弹窗；③严厉打击即时通讯工具群圈、社交平台诱导未成年人自残自杀和教唆未成年人犯罪的信息和行为。六部门联合印发通知：重拳治理未成年人网络环境！	2020-08-26 09:29:37    	暖色暖余生	7333570029	暖色暖余生:祖安这种现象真应该尽快治理，什么时候会骂脏话变成了一种文化了	赞[0]	2020-08-26 09:41:19	来自iPhone X
检察日报	:【#六部门发文治理未成年人网络环境#】近日，教育部等六部门发文治理未成年人网络环境：①#加大对饭圈黑界祖安文化治理力度#，对涉未成年人网络社交中出现的侮辱谩骂、人身攻击、恶意举报等网络欺凌和暴力行为予以查处；②从严整治青少年常用工具类应用程序恶意弹窗；③严厉打击即时通讯工具群圈、社交平台诱导未成年人自残自杀和教唆未成年人犯罪的信息和行为。六部门联合印发通知：重拳治理未成年人网络环境！	2020-08-26 09:29:37    	橘子与汽水与猫饼	5475149958	橘子与汽水与猫饼://@别有轮回:希望把未成年从成年人的网络环境中剔出去	赞[0]	2020-08-26 09:40:34	来自vivo X21屏幕指纹手机
检察日报	:【#六部门发文治理未成年人网络环境#】近日，教育部等六部门发文治理未成年人网络环境：①#加大对饭圈黑界祖安文化治理力度#，对涉未成年人网络社交中出现的侮辱谩骂、人身攻击、恶意举报等网络欺凌和暴力行为予以查处；②从严整治青少年常用工具类应用程序恶意弹窗；③严厉打击即时通讯工具群圈、社交平台诱导未成年人自残自杀和教唆未成年人犯罪的信息和行为。六部门联合印发通知：重拳治理未成年人网络环境！	2020-08-26 09:29:37    	Jesen我的爱	5448356971	Jesen我的爱:坚决支持	赞[0]	2020-08-26 09:49:50	来自小米8周年旗舰手机
检察日报	:【#六部门发文治理未成年人网络环境#】近日，教育部等六部门发文治理未成年人网络环境：①#加大对饭圈黑界祖安文化治理力度#，对涉未成年人网络社交中出现的侮辱谩骂、人身攻击、恶意举报等网络欺凌和暴力行为予以查处；②从严整治青少年常用工具类应用程序恶意弹窗；③严厉打击即时通讯工具群圈、社交平台诱导未成年人自残自杀和教唆未成年人犯罪的信息和行为。六部门联合印发通知：重拳治理未成年人网络环境！	2020-08-26 09:29:37    	reainsdd	6360042315	reainsdd:我一直相信我们的国家和政府，只要有决心一定能管好！	赞[0]	2020-08-26 09:48:40	来自OPPO超视野全面屏R15
检察日报	:【#六部门发文治理未成年人网络环境#】近日，教育部等六部门发文治理未成年人网络环境：①#加大对饭圈黑界祖安文化治理力度#，对涉未成年人网络社交中出现的侮辱谩骂、人身攻击、恶意举报等网络欺凌和暴力行为予以查处；②从严整治青少年常用工具类应用程序恶意弹窗；③严厉打击即时通讯工具群圈、社交平台诱导未成年人自残自杀和教唆未成年人犯罪的信息和行为。六部门联合印发通知：重拳治理未成年人网络环境！	2020-08-26 09:29:37    	崇信检察微博	6972022611	崇信检察微博://@兰州市七里河区检察院:转发微博	赞[0]	2020-08-26 09:47:14	来自HUAWEI Mate30 Pro 5G
检察日报	:【#六部门发文治理未成年人网络环境#】近日，教育部等六部门发文治理未成年人网络环境：①#加大对饭圈黑界祖安文化治理力度#，对涉未成年人网络社交中出现的侮辱谩骂、人身攻击、恶意举报等网络欺凌和暴力行为予以查处；②从严整治青少年常用工具类应用程序恶意弹窗；③严厉打击即时通讯工具群圈、社交平台诱导未成年人自残自杀和教唆未成年人犯罪的信息和行为。六部门联合印发通知：重拳治理未成年人网络环境！	2020-08-26 09:29:37    	原来哦嚯嚯嚯	7368771976	原来哦嚯嚯嚯:坚决支持整顿饭圈！挽救未成年人！	赞[0]	2020-08-26 09:45:56	来自iPhone客户端
检察日报	:【#六部门发文治理未成年人网络环境#】近日，教育部等六部门发文治理未成年人网络环境：①#加大对饭圈黑界祖安文化治理力度#，对涉未成年人网络社交中出现的侮辱谩骂、人身攻击、恶意举报等网络欺凌和暴力行为予以查处；②从严整治青少年常用工具类应用程序恶意弹窗；③严厉打击即时通讯工具群圈、社交平台诱导未成年人自残自杀和教唆未成年人犯罪的信息和行为。六部门联合印发通知：重拳治理未成年人网络环境！	2020-08-26 09:29:37    	骅frei	7392603921	骅frei:转发微博	赞[0]	2020-08-26 09:45:17	来自OPPO智能手机
检察日报	:【#六部门发文治理未成年人网络环境#】近日，教育部等六部门发文治理未成年人网络环境：①#加大对饭圈黑界祖安文化治理力度#，对涉未成年人网络社交中出现的侮辱谩骂、人身攻击、恶意举报等网络欺凌和暴力行为予以查处；②从严整治青少年常用工具类应用程序恶意弹窗；③严厉打击即时通讯工具群圈、社交平台诱导未成年人自残自杀和教唆未成年人犯罪的信息和行为。六部门联合印发通知：重拳治理未成年人网络环境！	2020-08-26 09:29:37    	鸭白哟	moeteahouse	鸭白哟:支持整顿畸形饭圈//@真的鸭白:我只能说搞快点	赞[0]	2020-08-26 09:44:14	来自HUAWEI nova 2s
检察日报	:【#六部门发文治理未成年人网络环境#】近日，教育部等六部门发文治理未成年人网络环境：①#加大对饭圈黑界祖安文化治理力度#，对涉未成年人网络社交中出现的侮辱谩骂、人身攻击、恶意举报等网络欺凌和暴力行为予以查处；②从严整治青少年常用工具类应用程序恶意弹窗；③严厉打击即时通讯工具群圈、社交平台诱导未成年人自残自杀和教唆未成年人犯罪的信息和行为。六部门联合印发通知：重拳治理未成年人网络环境！	2020-08-26 09:29:37    	陌鱼语	5984150577	陌鱼语:转发微博	赞[0]	2020-08-26 09:55:17	来自HUAWEI P10
检察日报	:【#六部门发文治理未成年人网络环境#】近日，教育部等六部门发文治理未成年人网络环境：①#加大对饭圈黑界祖安文化治理力度#，对涉未成年人网络社交中出现的侮辱谩骂、人身攻击、恶意举报等网络欺凌和暴力行为予以查处；②从严整治青少年常用工具类应用程序恶意弹窗；③严厉打击即时通讯工具群圈、社交平台诱导未成年人自残自杀和教唆未成年人犯罪的信息和行为。六部门联合印发通知：重拳治理未成年人网络环境！	2020-08-26 09:29:37    	来凤县人民检察院	lfjcy	来凤县人民检察院:转发微博	赞[0]	2020-08-26 09:54:25	来自微博 weibo.com
检察日报	:【#六部门发文治理未成年人网络环境#】近日，教育部等六部门发文治理未成年人网络环境：①#加大对饭圈黑界祖安文化治理力度#，对涉未成年人网络社交中出现的侮辱谩骂、人身攻击、恶意举报等网络欺凌和暴力行为予以查处；②从严整治青少年常用工具类应用程序恶意弹窗；③严厉打击即时通讯工具群圈、社交平台诱导未成年人自残自杀和教唆未成年人犯罪的信息和行为。六部门联合印发通知：重拳治理未成年人网络环境！	2020-08-26 09:29:37    	-辋川积雨-	5639755895	-辋川积雨-:转发微博	赞[0]	2020-08-26 09:54:13	来自小米10
检察日报	:【#六部门发文治理未成年人网络环境#】近日，教育部等六部门发文治理未成年人网络环境：①#加大对饭圈黑界祖安文化治理力度#，对涉未成年人网络社交中出现的侮辱谩骂、人身攻击、恶意举报等网络欺凌和暴力行为予以查处；②从严整治青少年常用工具类应用程序恶意弹窗；③严厉打击即时通讯工具群圈、社交平台诱导未成年人自残自杀和教唆未成年人犯罪的信息和行为。六部门联合印发通知：重拳治理未成年人网络环境！	2020-08-26 09:29:37    	砀山检察	5558970927	砀山检察:【#六部门发文治理未成年人网络环境#】	赞[1]	2020-08-26 09:53:41	来自微博 weibo.com
检察日报	:【#六部门发文治理未成年人网络环境#】近日，教育部等六部门发文治理未成年人网络环境：①#加大对饭圈黑界祖安文化治理力度#，对涉未成年人网络社交中出现的侮辱谩骂、人身攻击、恶意举报等网络欺凌和暴力行为予以查处；②从严整治青少年常用工具类应用程序恶意弹窗；③严厉打击即时通讯工具群圈、社交平台诱导未成年人自残自杀和教唆未成年人犯罪的信息和行为。六部门联合印发通知：重拳治理未成年人网络环境！	2020-08-26 09:29:37    	非转基因辣椒	3501759914	非转基因辣椒:搞快点//@饭圈嘟嘟:支持早日整顿	赞[0]	2020-08-26 09:52:13	来自荣耀30S 5G 美由芯生
检察日报	:【#六部门发文治理未成年人网络环境#】近日，教育部等六部门发文治理未成年人网络环境：①#加大对饭圈黑界祖安文化治理力度#，对涉未成年人网络社交中出现的侮辱谩骂、人身攻击、恶意举报等网络欺凌和暴力行为予以查处；②从严整治青少年常用工具类应用程序恶意弹窗；③严厉打击即时通讯工具群圈、社交平台诱导未成年人自残自杀和教唆未成年人犯罪的信息和行为。六部门联合印发通知：重拳治理未成年人网络环境！	2020-08-26 09:29:37    	包河检察	baohjc	包河检察:转发微博	赞[1]	2020-08-26 09:51:23	来自iPhone客户端
检察日报	:【#六部门发文治理未成年人网络环境#】近日，教育部等六部门发文治理未成年人网络环境：①#加大对饭圈黑界祖安文化治理力度#，对涉未成年人网络社交中出现的侮辱谩骂、人身攻击、恶意举报等网络欺凌和暴力行为予以查处；②从严整治青少年常用工具类应用程序恶意弹窗；③严厉打击即时通讯工具群圈、社交平台诱导未成年人自残自杀和教唆未成年人犯罪的信息和行为。六部门联合印发通知：重拳治理未成年人网络环境！	2020-08-26 09:29:37    	愿安好无心	7399451429	愿安好无心:一定要落实，每次看到粉丝们为了一个明星口吐芬芳，什么恶毒的话都能说出口。经常对不赞美ta爱豆的人恶意举报、人身攻击真的太恐怖了。	赞[0]	2020-08-26 10:02:18	来自Android
检察日报	:【#六部门发文治理未成年人网络环境#】近日，教育部等六部门发文治理未成年人网络环境：①#加大对饭圈黑界祖安文化治理力度#，对涉未成年人网络社交中出现的侮辱谩骂、人身攻击、恶意举报等网络欺凌和暴力行为予以查处；②从严整治青少年常用工具类应用程序恶意弹窗；③严厉打击即时通讯工具群圈、社交平台诱导未成年人自残自杀和教唆未成年人犯罪的信息和行为。六部门联合印发通知：重拳治理未成年人网络环境！	2020-08-26 09:29:37    	木木DV	2293659312	木木DV:转发微博	赞[0]	2020-08-26 09:59:55	来自iPhone客户端
检察日报	:【#六部门发文治理未成年人网络环境#】近日，教育部等六部门发文治理未成年人网络环境：①#加大对饭圈黑界祖安文化治理力度#，对涉未成年人网络社交中出现的侮辱谩骂、人身攻击、恶意举报等网络欺凌和暴力行为予以查处；②从严整治青少年常用工具类应用程序恶意弹窗；③严厉打击即时通讯工具群圈、社交平台诱导未成年人自残自杀和教唆未成年人犯罪的信息和行为。六部门联合印发通知：重拳治理未成年人网络环境！	2020-08-26 09:29:37    	螺旋升天的懒鬼	5979712391	螺旋升天的懒鬼:支持//@永远打不死的风车 :邪教式追星什么的。必须收拾了	赞[0]	2020-08-26 09:59:07	来自微博国际版
检察日报	:【#六部门发文治理未成年人网络环境#】近日，教育部等六部门发文治理未成年人网络环境：①#加大对饭圈黑界祖安文化治理力度#，对涉未成年人网络社交中出现的侮辱谩骂、人身攻击、恶意举报等网络欺凌和暴力行为予以查处；②从严整治青少年常用工具类应用程序恶意弹窗；③严厉打击即时通讯工具群圈、社交平台诱导未成年人自残自杀和教唆未成年人犯罪的信息和行为。六部门联合印发通知：重拳治理未成年人网络环境！	2020-08-26 09:29:37    	熙光542	7346441445	熙光542://@别有轮回:希望把未成年从成年人的网络环境中剔出去	赞[0]	2020-08-26 10:11:55	来自OPPO K5
检察日报	:【#六部门发文治理未成年人网络环境#】近日，教育部等六部门发文治理未成年人网络环境：①#加大对饭圈黑界祖安文化治理力度#，对涉未成年人网络社交中出现的侮辱谩骂、人身攻击、恶意举报等网络欺凌和暴力行为予以查处；②从严整治青少年常用工具类应用程序恶意弹窗；③严厉打击即时通讯工具群圈、社交平台诱导未成年人自残自杀和教唆未成年人犯罪的信息和行为。六部门联合印发通知：重拳治理未成年人网络环境！	2020-08-26 09:29:37    	早起困难的asuka2	1763398230	早起困难的asuka2:	赞[0]	2020-08-26 10:07:07	来自HUAWEI P20
检察日报	:【#六部门发文治理未成年人网络环境#】近日，教育部等六部门发文治理未成年人网络环境：①#加大对饭圈黑界祖安文化治理力度#，对涉未成年人网络社交中出现的侮辱谩骂、人身攻击、恶意举报等网络欺凌和暴力行为予以查处；②从严整治青少年常用工具类应用程序恶意弹窗；③严厉打击即时通讯工具群圈、社交平台诱导未成年人自残自杀和教唆未成年人犯罪的信息和行为。六部门联合印发通知：重拳治理未成年人网络环境！	2020-08-26 09:29:37    	江岸检察	5078842615	江岸检察:【#六部门发文治理未成年人网络环境#】	赞[0]	2020-08-26 10:07:01	来自360安全浏览器
检察日报	:【#六部门发文治理未成年人网络环境#】近日，教育部等六部门发文治理未成年人网络环境：①#加大对饭圈黑界祖安文化治理力度#，对涉未成年人网络社交中出现的侮辱谩骂、人身攻击、恶意举报等网络欺凌和暴力行为予以查处；②从严整治青少年常用工具类应用程序恶意弹窗；③严厉打击即时通讯工具群圈、社交平台诱导未成年人自残自杀和教唆未成年人犯罪的信息和行为。六部门联合印发通知：重拳治理未成年人网络环境！	2020-08-26 09:29:37    	鱼峰检察院	2659600241	鱼峰检察院:【#六部门发文治理未成年人网络环境#】	赞[0]	2020-08-26 10:20:10	来自360安全浏览器
检察日报	:【#六部门发文治理未成年人网络环境#】近日，教育部等六部门发文治理未成年人网络环境：①#加大对饭圈黑界祖安文化治理力度#，对涉未成年人网络社交中出现的侮辱谩骂、人身攻击、恶意举报等网络欺凌和暴力行为予以查处；②从严整治青少年常用工具类应用程序恶意弹窗；③严厉打击即时通讯工具群圈、社交平台诱导未成年人自残自杀和教唆未成年人犯罪的信息和行为。六部门联合印发通知：重拳治理未成年人网络环境！	2020-08-26 09:29:37    	zdllzd小月米胡	6169006799	zdllzd小月米胡:#六部门发文治理未成年人网络环境#  xz#畸形饭圈危害未成年人#  xz#我是普通人,我讨厌肖战#  xz#六部委联合整治饭圈#  xz#肖战粉丝邪教式追星#  xz#请肖战粉丝停止网络暴力#  xz#肖战粉丝逼迫未成年人氪金#	赞[0]	2020-08-26 10:19:18	来自HUAWEI Mate 20
检察日报	:【#六部门发文治理未成年人网络环境#】近日，教育部等六部门发文治理未成年人网络环境：①#加大对饭圈黑界祖安文化治理力度#，对涉未成年人网络社交中出现的侮辱谩骂、人身攻击、恶意举报等网络欺凌和暴力行为予以查处；②从严整治青少年常用工具类应用程序恶意弹窗；③严厉打击即时通讯工具群圈、社交平台诱导未成年人自残自杀和教唆未成年人犯罪的信息和行为。六部门联合印发通知：重拳治理未成年人网络环境！	2020-08-26 09:29:37    	鸭白哟	moeteahouse	鸭白哟:#建议对娱乐界不良风气进行整顿# //@哈根达酥酥酥酥:在学习的大好年华，未成年不应沦落为打榜应援的数据工，饭圈不能进课堂！	赞[0]	2020-08-26 10:17:54	来自HUAWEI nova 2s
检察日报	:【#六部门发文治理未成年人网络环境#】近日，教育部等六部门发文治理未成年人网络环境：①#加大对饭圈黑界祖安文化治理力度#，对涉未成年人网络社交中出现的侮辱谩骂、人身攻击、恶意举报等网络欺凌和暴力行为予以查处；②从严整治青少年常用工具类应用程序恶意弹窗；③严厉打击即时通讯工具群圈、社交平台诱导未成年人自残自杀和教唆未成年人犯罪的信息和行为。六部门联合印发通知：重拳治理未成年人网络环境！	2020-08-26 09:29:37    	常驻网名	6601871537	常驻网名:支持	赞[0]	2020-08-26 10:17:45	来自nova5Pro人像超级夜景
检察日报	:【#六部门发文治理未成年人网络环境#】近日，教育部等六部门发文治理未成年人网络环境：①#加大对饭圈黑界祖安文化治理力度#，对涉未成年人网络社交中出现的侮辱谩骂、人身攻击、恶意举报等网络欺凌和暴力行为予以查处；②从严整治青少年常用工具类应用程序恶意弹窗；③严厉打击即时通讯工具群圈、社交平台诱导未成年人自残自杀和教唆未成年人犯罪的信息和行为。六部门联合印发通知：重拳治理未成年人网络环境！	2020-08-26 09:29:37    	双流检察	3540525100	双流检察:【#六部门发文治理未成年人网络环境#】	赞[1]	2020-08-26 10:16:21	来自搜狗高速浏览器
检察日报	:【#六部门发文治理未成年人网络环境#】近日，教育部等六部门发文治理未成年人网络环境：①#加大对饭圈黑界祖安文化治理力度#，对涉未成年人网络社交中出现的侮辱谩骂、人身攻击、恶意举报等网络欺凌和暴力行为予以查处；②从严整治青少年常用工具类应用程序恶意弹窗；③严厉打击即时通讯工具群圈、社交平台诱导未成年人自残自杀和教唆未成年人犯罪的信息和行为。六部门联合印发通知：重拳治理未成年人网络环境！	2020-08-26 09:29:37    	一碗红汤面	6353152526	一碗红汤面:什么时间 该做什么事	赞[0]	2020-08-26 10:33:38	来自iPhone客户端
检察日报	:【#六部门发文治理未成年人网络环境#】近日，教育部等六部门发文治理未成年人网络环境：①#加大对饭圈黑界祖安文化治理力度#，对涉未成年人网络社交中出现的侮辱谩骂、人身攻击、恶意举报等网络欺凌和暴力行为予以查处；②从严整治青少年常用工具类应用程序恶意弹窗；③严厉打击即时通讯工具群圈、社交平台诱导未成年人自残自杀和教唆未成年人犯罪的信息和行为。六部门联合印发通知：重拳治理未成年人网络环境！	2020-08-26 09:29:37    	朝物居咸鱼掌柜疯兔砸	5646682774	朝物居咸鱼掌柜疯兔砸:转发微博	赞[0]	2020-08-26 10:31:02	来自Redmi Note 8四摄
检察日报	:【#六部门发文治理未成年人网络环境#】近日，教育部等六部门发文治理未成年人网络环境：①#加大对饭圈黑界祖安文化治理力度#，对涉未成年人网络社交中出现的侮辱谩骂、人身攻击、恶意举报等网络欺凌和暴力行为予以查处；②从严整治青少年常用工具类应用程序恶意弹窗；③严厉打击即时通讯工具群圈、社交平台诱导未成年人自残自杀和教唆未成年人犯罪的信息和行为。六部门联合印发通知：重拳治理未成年人网络环境！	2020-08-26 09:29:37    	触摸幸福1005	7410572284	触摸幸福1005:希望早日看见行动，看见效果	赞[0]	2020-08-26 10:30:54	来自nova6SE好看拍出来看
检察日报	:【#六部门发文治理未成年人网络环境#】近日，教育部等六部门发文治理未成年人网络环境：①#加大对饭圈黑界祖安文化治理力度#，对涉未成年人网络社交中出现的侮辱谩骂、人身攻击、恶意举报等网络欺凌和暴力行为予以查处；②从严整治青少年常用工具类应用程序恶意弹窗；③严厉打击即时通讯工具群圈、社交平台诱导未成年人自残自杀和教唆未成年人犯罪的信息和行为。六部门联合印发通知：重拳治理未成年人网络环境！	2020-08-26 09:29:37    	酱酱LLxx	7468769180	酱酱LLxx:	赞[0]	2020-08-26 10:28:58	来自小米Max2 大屏大电量
检察日报	:【#六部门发文治理未成年人网络环境#】近日，教育部等六部门发文治理未成年人网络环境：①#加大对饭圈黑界祖安文化治理力度#，对涉未成年人网络社交中出现的侮辱谩骂、人身攻击、恶意举报等网络欺凌和暴力行为予以查处；②从严整治青少年常用工具类应用程序恶意弹窗；③严厉打击即时通讯工具群圈、社交平台诱导未成年人自残自杀和教唆未成年人犯罪的信息和行为。六部门联合印发通知：重拳治理未成年人网络环境！	2020-08-26 09:29:37    	进化的惜取今朝zieva	7402893392	进化的惜取今朝zieva:未成年人不能也不应该成为资本和娱乐圈的吸金池和打手	赞[0]	2020-08-26 10:27:39	来自微博国际版
检察日报	:【#六部门发文治理未成年人网络环境#】近日，教育部等六部门发文治理未成年人网络环境：①#加大对饭圈黑界祖安文化治理力度#，对涉未成年人网络社交中出现的侮辱谩骂、人身攻击、恶意举报等网络欺凌和暴力行为予以查处；②从严整治青少年常用工具类应用程序恶意弹窗；③严厉打击即时通讯工具群圈、社交平台诱导未成年人自残自杀和教唆未成年人犯罪的信息和行为。六部门联合印发通知：重拳治理未成年人网络环境！	2020-08-26 09:29:37    	zdllzd小月米胡	6169006799	zdllzd小月米胡:希望肖战粉丝别再来无耻的控评把所有老百姓的呼声淹没下去，也希望肖战别再天天三天两头占用热搜榜，真以为住在热搜榜上就能成为顶流？真以为路人看到热搜就会被你诱惑心甘情愿做你的韭菜无条件被你榨干所有？饭圈经济该土崩瓦解了，不是所有中国老百姓都那么愚蠢，看不懂饭圈经济运作的恶臭	赞[0]	2020-08-26 10:25:21	来自HUAWEI Mate 20
检察日报	:【#六部门发文治理未成年人网络环境#】近日，教育部等六部门发文治理未成年人网络环境：①#加大对饭圈黑界祖安文化治理力度#，对涉未成年人网络社交中出现的侮辱谩骂、人身攻击、恶意举报等网络欺凌和暴力行为予以查处；②从严整治青少年常用工具类应用程序恶意弹窗；③严厉打击即时通讯工具群圈、社交平台诱导未成年人自残自杀和教唆未成年人犯罪的信息和行为。六部门联合印发通知：重拳治理未成年人网络环境！	2020-08-26 09:29:37    	SYY玉玲珑	6030108448	SYY玉玲珑:看了下评论 ，真为这些孩子担忧。不喜欢，但要尊重，就像尊重你自己一样。	赞[0]	2020-08-26 10:43:24	来自HUAWEI nova 3i
检察日报	:【#六部门发文治理未成年人网络环境#】近日，教育部等六部门发文治理未成年人网络环境：①#加大对饭圈黑界祖安文化治理力度#，对涉未成年人网络社交中出现的侮辱谩骂、人身攻击、恶意举报等网络欺凌和暴力行为予以查处；②从严整治青少年常用工具类应用程序恶意弹窗；③严厉打击即时通讯工具群圈、社交平台诱导未成年人自残自杀和教唆未成年人犯罪的信息和行为。六部门联合印发通知：重拳治理未成年人网络环境！	2020-08-26 09:29:37    	红油辣椒酱拌饭	6455240281	红油辣椒酱拌饭://@zdllzd:希望肖战粉丝别再来无耻的控评把所有老百姓的呼声淹没下去，也希望肖战别再天天三天两头占用热搜榜，真以为住在热搜榜上就能成为顶流？真以为路人看到热搜就会被你诱惑心甘情愿做你的韭菜无条件被你榨干所有？饭圈经济该土崩瓦解了，不是所有中国老百姓都那么愚蠢，看不懂饭圈经济运作的恶臭	赞[2]	2020-08-26 10:41:30	来自荣耀V20 4800万3D相机
检察日报	:【#六部门发文治理未成年人网络环境#】近日，教育部等六部门发文治理未成年人网络环境：①#加大对饭圈黑界祖安文化治理力度#，对涉未成年人网络社交中出现的侮辱谩骂、人身攻击、恶意举报等网络欺凌和暴力行为予以查处；②从严整治青少年常用工具类应用程序恶意弹窗；③严厉打击即时通讯工具群圈、社交平台诱导未成年人自残自杀和教唆未成年人犯罪的信息和行为。六部门联合印发通知：重拳治理未成年人网络环境！	2020-08-26 09:29:37    	阿轩轩的柠檬糕	7311810617	阿轩轩的柠檬糕:晨小晨事件还有后续吗	赞[1]	2020-08-26 10:41:29	来自白兔奶茶Android
检察日报	:【#六部门发文治理未成年人网络环境#】近日，教育部等六部门发文治理未成年人网络环境：①#加大对饭圈黑界祖安文化治理力度#，对涉未成年人网络社交中出现的侮辱谩骂、人身攻击、恶意举报等网络欺凌和暴力行为予以查处；②从严整治青少年常用工具类应用程序恶意弹窗；③严厉打击即时通讯工具群圈、社交平台诱导未成年人自残自杀和教唆未成年人犯罪的信息和行为。六部门联合印发通知：重拳治理未成年人网络环境！	2020-08-26 09:29:37    	东乌政法	6507797358	东乌政法:转发微博	赞[1]	2020-08-26 10:40:14	来自搜狗高速浏览器
检察日报	:【#六部门发文治理未成年人网络环境#】近日，教育部等六部门发文治理未成年人网络环境：①#加大对饭圈黑界祖安文化治理力度#，对涉未成年人网络社交中出现的侮辱谩骂、人身攻击、恶意举报等网络欺凌和暴力行为予以查处；②从严整治青少年常用工具类应用程序恶意弹窗；③严厉打击即时通讯工具群圈、社交平台诱导未成年人自残自杀和教唆未成年人犯罪的信息和行为。六部门联合印发通知：重拳治理未成年人网络环境！	2020-08-26 09:29:37    	msd_sdltqlawsl	2111487970	msd_sdltqlawsl:👏 //@别有轮回:希望把未成年从成年人的网络环境中剔出去	赞[0]	2020-08-26 10:54:26	来自Android
检察日报	:【#六部门发文治理未成年人网络环境#】近日，教育部等六部门发文治理未成年人网络环境：①#加大对饭圈黑界祖安文化治理力度#，对涉未成年人网络社交中出现的侮辱谩骂、人身攻击、恶意举报等网络欺凌和暴力行为予以查处；②从严整治青少年常用工具类应用程序恶意弹窗；③严厉打击即时通讯工具群圈、社交平台诱导未成年人自残自杀和教唆未成年人犯罪的信息和行为。六部门联合印发通知：重拳治理未成年人网络环境！	2020-08-26 09:29:37    	每日换馅	7301552130	每日换馅:支持	赞[0]	2020-08-26 10:52:58	来自Android
检察日报	:【#六部门发文治理未成年人网络环境#】近日，教育部等六部门发文治理未成年人网络环境：①#加大对饭圈黑界祖安文化治理力度#，对涉未成年人网络社交中出现的侮辱谩骂、人身攻击、恶意举报等网络欺凌和暴力行为予以查处；②从严整治青少年常用工具类应用程序恶意弹窗；③严厉打击即时通讯工具群圈、社交平台诱导未成年人自残自杀和教唆未成年人犯罪的信息和行为。六部门联合印发通知：重拳治理未成年人网络环境！	2020-08-26 09:29:37    	有钱的米粒子	5171825285	有钱的米粒子://@江岸检察:【#六部门发文治理未成年人网络环境#】	赞[0]	2020-08-26 10:52:44	来自iPhone 8 Plus
检察日报	:【#六部门发文治理未成年人网络环境#】近日，教育部等六部门发文治理未成年人网络环境：①#加大对饭圈黑界祖安文化治理力度#，对涉未成年人网络社交中出现的侮辱谩骂、人身攻击、恶意举报等网络欺凌和暴力行为予以查处；②从严整治青少年常用工具类应用程序恶意弹窗；③严厉打击即时通讯工具群圈、社交平台诱导未成年人自残自杀和教唆未成年人犯罪的信息和行为。六部门联合印发通知：重拳治理未成年人网络环境！	2020-08-26 09:29:37    	平房检察	5702948152	平房检察:转发微博	赞[3]	2020-08-26 10:52:33	来自华为手机 畅享玩不停
检察日报	:【#六部门发文治理未成年人网络环境#】近日，教育部等六部门发文治理未成年人网络环境：①#加大对饭圈黑界祖安文化治理力度#，对涉未成年人网络社交中出现的侮辱谩骂、人身攻击、恶意举报等网络欺凌和暴力行为予以查处；②从严整治青少年常用工具类应用程序恶意弹窗；③严厉打击即时通讯工具群圈、社交平台诱导未成年人自残自杀和教唆未成年人犯罪的信息和行为。六部门联合印发通知：重拳治理未成年人网络环境！	2020-08-26 09:29:37    	Mua糖心	6568346213	Mua糖心:转发微博	赞[0]	2020-08-26 11:11:49	来自OPPO智能手机
检察日报	:【#六部门发文治理未成年人网络环境#】近日，教育部等六部门发文治理未成年人网络环境：①#加大对饭圈黑界祖安文化治理力度#，对涉未成年人网络社交中出现的侮辱谩骂、人身攻击、恶意举报等网络欺凌和暴力行为予以查处；②从严整治青少年常用工具类应用程序恶意弹窗；③严厉打击即时通讯工具群圈、社交平台诱导未成年人自残自杀和教唆未成年人犯罪的信息和行为。六部门联合印发通知：重拳治理未成年人网络环境！	2020-08-26 09:29:37    	SeanBlingling	6510359993	SeanBlingling:#六部委联合整治饭圈# 	赞[0]	2020-08-26 11:05:59	来自荣耀V20 4800万3D相机
检察日报	:【#六部门发文治理未成年人网络环境#】近日，教育部等六部门发文治理未成年人网络环境：①#加大对饭圈黑界祖安文化治理力度#，对涉未成年人网络社交中出现的侮辱谩骂、人身攻击、恶意举报等网络欺凌和暴力行为予以查处；②从严整治青少年常用工具类应用程序恶意弹窗；③严厉打击即时通讯工具群圈、社交平台诱导未成年人自残自杀和教唆未成年人犯罪的信息和行为。六部门联合印发通知：重拳治理未成年人网络环境！	2020-08-26 09:29:37    	她哭蓝了海啊	5461996049	她哭蓝了海啊:	赞[0]	2020-08-26 11:04:41	来自HUAWEI P20 Pro
检察日报	:【#六部门发文治理未成年人网络环境#】近日，教育部等六部门发文治理未成年人网络环境：①#加大对饭圈黑界祖安文化治理力度#，对涉未成年人网络社交中出现的侮辱谩骂、人身攻击、恶意举报等网络欺凌和暴力行为予以查处；②从严整治青少年常用工具类应用程序恶意弹窗；③严厉打击即时通讯工具群圈、社交平台诱导未成年人自残自杀和教唆未成年人犯罪的信息和行为。六部门联合印发通知：重拳治理未成年人网络环境！	2020-08-26 09:29:37    	SMG_桃子芸_	tanherongyi0515	SMG_桃子芸_:支持～饭圈的孩子年纪小小讲话又恶毒又难听，很多大人都难以启齿的话，她们张口就来	赞[0]	2020-08-26 11:04:12	来自iPhone客户端
检察日报	:【#六部门发文治理未成年人网络环境#】近日，教育部等六部门发文治理未成年人网络环境：①#加大对饭圈黑界祖安文化治理力度#，对涉未成年人网络社交中出现的侮辱谩骂、人身攻击、恶意举报等网络欺凌和暴力行为予以查处；②从严整治青少年常用工具类应用程序恶意弹窗；③严厉打击即时通讯工具群圈、社交平台诱导未成年人自残自杀和教唆未成年人犯罪的信息和行为。六部门联合印发通知：重拳治理未成年人网络环境！	2020-08-26 09:29:37    	离笙之歌	2639483287	离笙之歌:#六部门发文治理未成年人网络环境#	赞[0]	2020-08-26 11:03:55	来自iPhone客户端
检察日报	:【#六部门发文治理未成年人网络环境#】近日，教育部等六部门发文治理未成年人网络环境：①#加大对饭圈黑界祖安文化治理力度#，对涉未成年人网络社交中出现的侮辱谩骂、人身攻击、恶意举报等网络欺凌和暴力行为予以查处；②从严整治青少年常用工具类应用程序恶意弹窗；③严厉打击即时通讯工具群圈、社交平台诱导未成年人自残自杀和教唆未成年人犯罪的信息和行为。六部门联合印发通知：重拳治理未成年人网络环境！	2020-08-26 09:29:37    	林今_罗马守财奴	7216826842	林今_罗马守财奴:分级制度不香吗//@别有轮回:希望把未成年从成年人的网络环境中剔出去	赞[0]	2020-08-26 11:02:41	来自华为手机 畅享玩不停
检察日报	:【#六部门发文治理未成年人网络环境#】近日，教育部等六部门发文治理未成年人网络环境：①#加大对饭圈黑界祖安文化治理力度#，对涉未成年人网络社交中出现的侮辱谩骂、人身攻击、恶意举报等网络欺凌和暴力行为予以查处；②从严整治青少年常用工具类应用程序恶意弹窗；③严厉打击即时通讯工具群圈、社交平台诱导未成年人自残自杀和教唆未成年人犯罪的信息和行为。六部门联合印发通知：重拳治理未成年人网络环境！	2020-08-26 09:29:37    	逆风入局	5955602454	逆风入局:转发微博	赞[0]	2020-08-26 11:25:15	来自vivo Y5s 闪充强续航
检察日报	:【#六部门发文治理未成年人网络环境#】近日，教育部等六部门发文治理未成年人网络环境：①#加大对饭圈黑界祖安文化治理力度#，对涉未成年人网络社交中出现的侮辱谩骂、人身攻击、恶意举报等网络欺凌和暴力行为予以查处；②从严整治青少年常用工具类应用程序恶意弹窗；③严厉打击即时通讯工具群圈、社交平台诱导未成年人自残自杀和教唆未成年人犯罪的信息和行为。六部门联合印发通知：重拳治理未成年人网络环境！	2020-08-26 09:29:37    	青玉案816	7310108333	青玉案816:转发微博	赞[0]	2020-08-26 11:18:41	来自HUAWEI P30
检察日报	:【#六部门发文治理未成年人网络环境#】近日，教育部等六部门发文治理未成年人网络环境：①#加大对饭圈黑界祖安文化治理力度#，对涉未成年人网络社交中出现的侮辱谩骂、人身攻击、恶意举报等网络欺凌和暴力行为予以查处；②从严整治青少年常用工具类应用程序恶意弹窗；③严厉打击即时通讯工具群圈、社交平台诱导未成年人自残自杀和教唆未成年人犯罪的信息和行为。六部门联合印发通知：重拳治理未成年人网络环境！	2020-08-26 09:29:37    	田田雨荷1	6383958091	田田雨荷1:肖战粉丝群现反共标签，并挂出举报人致举报人（素人）被肖战粉丝网暴一案，本月31号开庭了，这是中国第一起个人告明星工作室的案件吧？，面对粉丝的控评，和资本的介入，只有法庭是相对公平的，南瓜加油！@人民日报@紫光阁@共青团中央@新华视点@半月谈@工人日报 	赞[1]	2020-08-26 11:16:53	来自搜狗高速浏览器
检察日报	:【#六部门发文治理未成年人网络环境#】近日，教育部等六部门发文治理未成年人网络环境：①#加大对饭圈黑界祖安文化治理力度#，对涉未成年人网络社交中出现的侮辱谩骂、人身攻击、恶意举报等网络欺凌和暴力行为予以查处；②从严整治青少年常用工具类应用程序恶意弹窗；③严厉打击即时通讯工具群圈、社交平台诱导未成年人自残自杀和教唆未成年人犯罪的信息和行为。六部门联合印发通知：重拳治理未成年人网络环境！	2020-08-26 09:29:37    	江津检察	jiangjinjiancha	江津检察:【#六部门发文治理未成年人网络环境#】	赞[20]	2020-08-26 11:15:05	来自微博 weibo.com
检察日报	:【#六部门发文治理未成年人网络环境#】近日，教育部等六部门发文治理未成年人网络环境：①#加大对饭圈黑界祖安文化治理力度#，对涉未成年人网络社交中出现的侮辱谩骂、人身攻击、恶意举报等网络欺凌和暴力行为予以查处；②从严整治青少年常用工具类应用程序恶意弹窗；③严厉打击即时通讯工具群圈、社交平台诱导未成年人自残自杀和教唆未成年人犯罪的信息和行为。六部门联合印发通知：重拳治理未成年人网络环境！	2020-08-26 09:29:37    	今年顺顺利利心中所想如期而至	6374916614	今年顺顺利利心中所想如期而至:成年人太惨了//@别有轮回:希望把未成年从成年人的网络环境中剔出去	赞[0]	2020-08-26 11:13:47	来自微博 weibo.com
检察日报	:【#六部门发文治理未成年人网络环境#】近日，教育部等六部门发文治理未成年人网络环境：①#加大对饭圈黑界祖安文化治理力度#，对涉未成年人网络社交中出现的侮辱谩骂、人身攻击、恶意举报等网络欺凌和暴力行为予以查处；②从严整治青少年常用工具类应用程序恶意弹窗；③严厉打击即时通讯工具群圈、社交平台诱导未成年人自残自杀和教唆未成年人犯罪的信息和行为。六部门联合印发通知：重拳治理未成年人网络环境！	2020-08-26 09:29:37    	呐幻听呀	3028366412	呐幻听呀:支持整改	赞[0]	2020-08-26 11:50:33	来自HUAWEI Mate 30 5G
检察日报	:【#六部门发文治理未成年人网络环境#】近日，教育部等六部门发文治理未成年人网络环境：①#加大对饭圈黑界祖安文化治理力度#，对涉未成年人网络社交中出现的侮辱谩骂、人身攻击、恶意举报等网络欺凌和暴力行为予以查处；②从严整治青少年常用工具类应用程序恶意弹窗；③严厉打击即时通讯工具群圈、社交平台诱导未成年人自残自杀和教唆未成年人犯罪的信息和行为。六部门联合印发通知：重拳治理未成年人网络环境！	2020-08-26 09:29:37    	三毛毛儿月半	5848876860	三毛毛儿月半:必须整顿！少年强则中国强！	赞[0]	2020-08-26 11:46:19	来自红米Redmi
检察日报	:【#六部门发文治理未成年人网络环境#】近日，教育部等六部门发文治理未成年人网络环境：①#加大对饭圈黑界祖安文化治理力度#，对涉未成年人网络社交中出现的侮辱谩骂、人身攻击、恶意举报等网络欺凌和暴力行为予以查处；②从严整治青少年常用工具类应用程序恶意弹窗；③严厉打击即时通讯工具群圈、社交平台诱导未成年人自残自杀和教唆未成年人犯罪的信息和行为。六部门联合印发通知：重拳治理未成年人网络环境！	2020-08-26 09:29:37    	厦门蓝洋	7348783767	厦门蓝洋:支持	赞[0]	2020-08-26 11:42:50	来自HUAWEI P20 Pro
检察日报	:【#六部门发文治理未成年人网络环境#】近日，教育部等六部门发文治理未成年人网络环境：①#加大对饭圈黑界祖安文化治理力度#，对涉未成年人网络社交中出现的侮辱谩骂、人身攻击、恶意举报等网络欺凌和暴力行为予以查处；②从严整治青少年常用工具类应用程序恶意弹窗；③严厉打击即时通讯工具群圈、社交平台诱导未成年人自残自杀和教唆未成年人犯罪的信息和行为。六部门联合印发通知：重拳治理未成年人网络环境！	2020-08-26 09:29:37    	fenghsg_841	2533869211	fenghsg_841:支持	赞[0]	2020-08-26 11:42:04	来自HUAWEI P30
检察日报	:【#六部门发文治理未成年人网络环境#】近日，教育部等六部门发文治理未成年人网络环境：①#加大对饭圈黑界祖安文化治理力度#，对涉未成年人网络社交中出现的侮辱谩骂、人身攻击、恶意举报等网络欺凌和暴力行为予以查处；②从严整治青少年常用工具类应用程序恶意弹窗；③严厉打击即时通讯工具群圈、社交平台诱导未成年人自残自杀和教唆未成年人犯罪的信息和行为。六部门联合印发通知：重拳治理未成年人网络环境！	2020-08-26 09:29:37    	一个又一个春秋2021	3860063983	一个又一个春秋2021:不要只喊，实施的时候跟懵了似的	赞[0]	2020-08-26 11:38:12	来自华为手机 畅享玩不停
检察日报	:【#六部门发文治理未成年人网络环境#】近日，教育部等六部门发文治理未成年人网络环境：①#加大对饭圈黑界祖安文化治理力度#，对涉未成年人网络社交中出现的侮辱谩骂、人身攻击、恶意举报等网络欺凌和暴力行为予以查处；②从严整治青少年常用工具类应用程序恶意弹窗；③严厉打击即时通讯工具群圈、社交平台诱导未成年人自残自杀和教唆未成年人犯罪的信息和行为。六部门联合印发通知：重拳治理未成年人网络环境！	2020-08-26 09:29:37    	用户6293406793	6293406793	用户6293406793:支持	赞[0]	2020-08-26 11:37:29	来自柔光自拍vivo X7Plus
检察日报	:【#六部门发文治理未成年人网络环境#】近日，教育部等六部门发文治理未成年人网络环境：①#加大对饭圈黑界祖安文化治理力度#，对涉未成年人网络社交中出现的侮辱谩骂、人身攻击、恶意举报等网络欺凌和暴力行为予以查处；②从严整治青少年常用工具类应用程序恶意弹窗；③严厉打击即时通讯工具群圈、社交平台诱导未成年人自残自杀和教唆未成年人犯罪的信息和行为。六部门联合印发通知：重拳治理未成年人网络环境！	2020-08-26 09:29:37    	草莓逃跑	5856572403	草莓逃跑:支持	赞[0]	2020-08-26 12:18:59	来自nova6 5G自拍大不一样
检察日报	:【#六部门发文治理未成年人网络环境#】近日，教育部等六部门发文治理未成年人网络环境：①#加大对饭圈黑界祖安文化治理力度#，对涉未成年人网络社交中出现的侮辱谩骂、人身攻击、恶意举报等网络欺凌和暴力行为予以查处；②从严整治青少年常用工具类应用程序恶意弹窗；③严厉打击即时通讯工具群圈、社交平台诱导未成年人自残自杀和教唆未成年人犯罪的信息和行为。六部门联合印发通知：重拳治理未成年人网络环境！	2020-08-26 09:29:37    	我是弈冉啊	3319003495	我是弈冉啊:……饭圈黑界是啥……祖安文化……哇	赞[0]	2020-08-26 12:18:11	来自iPhone客户端
检察日报	:【#六部门发文治理未成年人网络环境#】近日，教育部等六部门发文治理未成年人网络环境：①#加大对饭圈黑界祖安文化治理力度#，对涉未成年人网络社交中出现的侮辱谩骂、人身攻击、恶意举报等网络欺凌和暴力行为予以查处；②从严整治青少年常用工具类应用程序恶意弹窗；③严厉打击即时通讯工具群圈、社交平台诱导未成年人自残自杀和教唆未成年人犯罪的信息和行为。六部门联合印发通知：重拳治理未成年人网络环境！	2020-08-26 09:29:37    	QRacheldr	2111716997	QRacheldr:#抵制畸形饭圈经济# xz#畸形饭圈危害未成年人# //@饭圈嘟嘟:支持早日整顿	赞[0]	2020-08-26 12:16:18	来自OPPO超视野全面屏R15
检察日报	:【#六部门发文治理未成年人网络环境#】近日，教育部等六部门发文治理未成年人网络环境：①#加大对饭圈黑界祖安文化治理力度#，对涉未成年人网络社交中出现的侮辱谩骂、人身攻击、恶意举报等网络欺凌和暴力行为予以查处；②从严整治青少年常用工具类应用程序恶意弹窗；③严厉打击即时通讯工具群圈、社交平台诱导未成年人自残自杀和教唆未成年人犯罪的信息和行为。六部门联合印发通知：重拳治理未成年人网络环境！	2020-08-26 09:29:37    	砚归墨本尊	2094995134	砚归墨本尊:该不会又是走形式吧？	赞[0]	2020-08-26 12:01:39	来自魅族 PRO 6 Plus
检察日报	:【#六部门发文治理未成年人网络环境#】近日，教育部等六部门发文治理未成年人网络环境：①#加大对饭圈黑界祖安文化治理力度#，对涉未成年人网络社交中出现的侮辱谩骂、人身攻击、恶意举报等网络欺凌和暴力行为予以查处；②从严整治青少年常用工具类应用程序恶意弹窗；③严厉打击即时通讯工具群圈、社交平台诱导未成年人自残自杀和教唆未成年人犯罪的信息和行为。六部门联合印发通知：重拳治理未成年人网络环境！	2020-08-26 09:29:37    	沿街煮酒	6279081344	沿街煮酒:gkd不想过提个名字就被粉丝出警没🐴 警告别提帅哥/美女的日子了	赞[0]	2020-08-26 11:59:04	来自nova7你在焦点在
检察日报	:【#六部门发文治理未成年人网络环境#】近日，教育部等六部门发文治理未成年人网络环境：①#加大对饭圈黑界祖安文化治理力度#，对涉未成年人网络社交中出现的侮辱谩骂、人身攻击、恶意举报等网络欺凌和暴力行为予以查处；②从严整治青少年常用工具类应用程序恶意弹窗；③严厉打击即时通讯工具群圈、社交平台诱导未成年人自残自杀和教唆未成年人犯罪的信息和行为。六部门联合印发通知：重拳治理未成年人网络环境！	2020-08-26 09:29:37    	xiaoxintizi	1863652244	xiaoxintizi:扩扩扩！	赞[0]	2020-08-26 11:56:50	来自iPhone客户端
检察日报	:【#六部门发文治理未成年人网络环境#】近日，教育部等六部门发文治理未成年人网络环境：①#加大对饭圈黑界祖安文化治理力度#，对涉未成年人网络社交中出现的侮辱谩骂、人身攻击、恶意举报等网络欺凌和暴力行为予以查处；②从严整治青少年常用工具类应用程序恶意弹窗；③严厉打击即时通讯工具群圈、社交平台诱导未成年人自残自杀和教唆未成年人犯罪的信息和行为。六部门联合印发通知：重拳治理未成年人网络环境！	2020-08-26 09:29:37    	象山区检察院	5549009300	象山区检察院:转发微博	赞[0]	2020-08-26 11:55:26	来自微博 weibo.com
检察日报	:【#六部门发文治理未成年人网络环境#】近日，教育部等六部门发文治理未成年人网络环境：①#加大对饭圈黑界祖安文化治理力度#，对涉未成年人网络社交中出现的侮辱谩骂、人身攻击、恶意举报等网络欺凌和暴力行为予以查处；②从严整治青少年常用工具类应用程序恶意弹窗；③严厉打击即时通讯工具群圈、社交平台诱导未成年人自残自杀和教唆未成年人犯罪的信息和行为。六部门联合印发通知：重拳治理未成年人网络环境！	2020-08-26 09:29:37    	木鱼的比目鱼	6990750926	木鱼的比目鱼:转发微博	赞[0]	2020-08-26 12:59:24	来自真我X50 5G青年旗舰
检察日报	:【#六部门发文治理未成年人网络环境#】近日，教育部等六部门发文治理未成年人网络环境：①#加大对饭圈黑界祖安文化治理力度#，对涉未成年人网络社交中出现的侮辱谩骂、人身攻击、恶意举报等网络欺凌和暴力行为予以查处；②从严整治青少年常用工具类应用程序恶意弹窗；③严厉打击即时通讯工具群圈、社交平台诱导未成年人自残自杀和教唆未成年人犯罪的信息和行为。六部门联合印发通知：重拳治理未成年人网络环境！	2020-08-26 09:29:37    	渡渡鸟69	7281647917	渡渡鸟69:转发微博	赞[0]	2020-08-26 12:56:13	来自iPhone客户端
检察日报	:【#六部门发文治理未成年人网络环境#】近日，教育部等六部门发文治理未成年人网络环境：①#加大对饭圈黑界祖安文化治理力度#，对涉未成年人网络社交中出现的侮辱谩骂、人身攻击、恶意举报等网络欺凌和暴力行为予以查处；②从严整治青少年常用工具类应用程序恶意弹窗；③严厉打击即时通讯工具群圈、社交平台诱导未成年人自残自杀和教唆未成年人犯罪的信息和行为。六部门联合印发通知：重拳治理未成年人网络环境！	2020-08-26 09:29:37    	属于我的春	1862414415	属于我的春:转发微博	赞[0]	2020-08-26 12:42:16	来自OPPO智能手机
检察日报	:【#六部门发文治理未成年人网络环境#】近日，教育部等六部门发文治理未成年人网络环境：①#加大对饭圈黑界祖安文化治理力度#，对涉未成年人网络社交中出现的侮辱谩骂、人身攻击、恶意举报等网络欺凌和暴力行为予以查处；②从严整治青少年常用工具类应用程序恶意弹窗；③严厉打击即时通讯工具群圈、社交平台诱导未成年人自残自杀和教唆未成年人犯罪的信息和行为。六部门联合印发通知：重拳治理未成年人网络环境！	2020-08-26 09:29:37    	sky68942	5749007883	sky68942:转发微博	赞[0]	2020-08-26 12:37:17	来自荣耀 9X PRO
检察日报	:【#六部门发文治理未成年人网络环境#】近日，教育部等六部门发文治理未成年人网络环境：①#加大对饭圈黑界祖安文化治理力度#，对涉未成年人网络社交中出现的侮辱谩骂、人身攻击、恶意举报等网络欺凌和暴力行为予以查处；②从严整治青少年常用工具类应用程序恶意弹窗；③严厉打击即时通讯工具群圈、社交平台诱导未成年人自残自杀和教唆未成年人犯罪的信息和行为。六部门联合印发通知：重拳治理未成年人网络环境！	2020-08-26 09:29:37    	Radient-BX	5831146653	Radient-BX:请尽快落实！	赞[0]	2020-08-26 12:29:58	来自
检察日报	:【#六部门发文治理未成年人网络环境#】近日，教育部等六部门发文治理未成年人网络环境：①#加大对饭圈黑界祖安文化治理力度#，对涉未成年人网络社交中出现的侮辱谩骂、人身攻击、恶意举报等网络欺凌和暴力行为予以查处；②从严整治青少年常用工具类应用程序恶意弹窗；③严厉打击即时通讯工具群圈、社交平台诱导未成年人自残自杀和教唆未成年人犯罪的信息和行为。六部门联合印发通知：重拳治理未成年人网络环境！	2020-08-26 09:29:37    	墨墨吖666	5550493184	墨墨吖666:#抵制饭圈文化进校园# #饭圈文化该不该出现在校园# //@哈根达酥酥酥酥:在学习的大好年华，未成年不应沦落为打榜应援的数据工，饭圈不能进课堂！	赞[0]	2020-08-26 12:28:35	来自Android
检察日报	:【#六部门发文治理未成年人网络环境#】近日，教育部等六部门发文治理未成年人网络环境：①#加大对饭圈黑界祖安文化治理力度#，对涉未成年人网络社交中出现的侮辱谩骂、人身攻击、恶意举报等网络欺凌和暴力行为予以查处；②从严整治青少年常用工具类应用程序恶意弹窗；③严厉打击即时通讯工具群圈、社交平台诱导未成年人自残自杀和教唆未成年人犯罪的信息和行为。六部门联合印发通知：重拳治理未成年人网络环境！	2020-08-26 09:29:37    	旧时见海棠	5092370576	旧时见海棠:转发微博	赞[0]	2020-08-26 13:49:51	来自华为畅享 10S
检察日报	:【#六部门发文治理未成年人网络环境#】近日，教育部等六部门发文治理未成年人网络环境：①#加大对饭圈黑界祖安文化治理力度#，对涉未成年人网络社交中出现的侮辱谩骂、人身攻击、恶意举报等网络欺凌和暴力行为予以查处；②从严整治青少年常用工具类应用程序恶意弹窗；③严厉打击即时通讯工具群圈、社交平台诱导未成年人自残自杀和教唆未成年人犯罪的信息和行为。六部门联合印发通知：重拳治理未成年人网络环境！	2020-08-26 09:29:37    	1314艺馨一意	siningshining	1314艺馨一意:#六部门发文治理未成年人网络环境# #加大对饭圈黑界祖安文化治理力度# 	赞[0]	2020-08-26 13:25:20	来自OPPO R15x
检察日报	:【#六部门发文治理未成年人网络环境#】近日，教育部等六部门发文治理未成年人网络环境：①#加大对饭圈黑界祖安文化治理力度#，对涉未成年人网络社交中出现的侮辱谩骂、人身攻击、恶意举报等网络欺凌和暴力行为予以查处；②从严整治青少年常用工具类应用程序恶意弹窗；③严厉打击即时通讯工具群圈、社交平台诱导未成年人自残自杀和教唆未成年人犯罪的信息和行为。六部门联合印发通知：重拳治理未成年人网络环境！	2020-08-26 09:29:37    	一个有底线的吃瓜人	5678033661	一个有底线的吃瓜人:希望能有一个清朗的网络环境。不希望未成年人被资本裹挟利用，成为冲锋陷阵的牺牲品；成为打榜做数据氪金的工具人。青少年是国家的未来！请一定重视！	赞[0]	2020-08-26 13:23:16	来自
检察日报	:【#六部门发文治理未成年人网络环境#】近日，教育部等六部门发文治理未成年人网络环境：①#加大对饭圈黑界祖安文化治理力度#，对涉未成年人网络社交中出现的侮辱谩骂、人身攻击、恶意举报等网络欺凌和暴力行为予以查处；②从严整治青少年常用工具类应用程序恶意弹窗；③严厉打击即时通讯工具群圈、社交平台诱导未成年人自残自杀和教唆未成年人犯罪的信息和行为。六部门联合印发通知：重拳治理未成年人网络环境！	2020-08-26 09:29:37    	暴雨梨花针哟	6110663848	暴雨梨花针哟:#请肖战粉丝停止网络暴力# //@哈根达酥酥酥酥: 在学习的大好年华，未成年不应沦落为打榜应援的数据工，饭圈不能进课堂！	赞[0]	2020-08-26 13:19:27	来自360安全浏览器
检察日报	:【#六部门发文治理未成年人网络环境#】近日，教育部等六部门发文治理未成年人网络环境：①#加大对饭圈黑界祖安文化治理力度#，对涉未成年人网络社交中出现的侮辱谩骂、人身攻击、恶意举报等网络欺凌和暴力行为予以查处；②从严整治青少年常用工具类应用程序恶意弹窗；③严厉打击即时通讯工具群圈、社交平台诱导未成年人自残自杀和教唆未成年人犯罪的信息和行为。六部门联合印发通知：重拳治理未成年人网络环境！	2020-08-26 09:29:37    	暴雨梨花针哟	6110663848	暴雨梨花针哟:#请肖战粉丝停止网络暴力#  请严查以肖战粉丝为典型的邪教式追星的情况，给青少年健康的网络环境#六部委联合整治饭圈#	赞[0]	2020-08-26 13:19:16	来自360安全浏览器
检察日报	:【#六部门发文治理未成年人网络环境#】近日，教育部等六部门发文治理未成年人网络环境：①#加大对饭圈黑界祖安文化治理力度#，对涉未成年人网络社交中出现的侮辱谩骂、人身攻击、恶意举报等网络欺凌和暴力行为予以查处；②从严整治青少年常用工具类应用程序恶意弹窗；③严厉打击即时通讯工具群圈、社交平台诱导未成年人自残自杀和教唆未成年人犯罪的信息和行为。六部门联合印发通知：重拳治理未成年人网络环境！	2020-08-26 09:29:37    	月色如流霜	3511876425	月色如流霜:	赞[0]	2020-08-26 13:10:14	来自iPhone客户端
检察日报	:【#六部门发文治理未成年人网络环境#】近日，教育部等六部门发文治理未成年人网络环境：①#加大对饭圈黑界祖安文化治理力度#，对涉未成年人网络社交中出现的侮辱谩骂、人身攻击、恶意举报等网络欺凌和暴力行为予以查处；②从严整治青少年常用工具类应用程序恶意弹窗；③严厉打击即时通讯工具群圈、社交平台诱导未成年人自残自杀和教唆未成年人犯罪的信息和行为。六部门联合印发通知：重拳治理未成年人网络环境！	2020-08-26 09:29:37    	lonelyonly51	2247496843	lonelyonly51:#抵制饭圈毒流量# #我是普通人,我讨厌肖战#	赞[0]	2020-08-26 14:55:36	来自iPhone客户端
检察日报	:【#六部门发文治理未成年人网络环境#】近日，教育部等六部门发文治理未成年人网络环境：①#加大对饭圈黑界祖安文化治理力度#，对涉未成年人网络社交中出现的侮辱谩骂、人身攻击、恶意举报等网络欺凌和暴力行为予以查处；②从严整治青少年常用工具类应用程序恶意弹窗；③严厉打击即时通讯工具群圈、社交平台诱导未成年人自残自杀和教唆未成年人犯罪的信息和行为。六部门联合印发通知：重拳治理未成年人网络环境！	2020-08-26 09:29:37    	珍珠200130	7382550879	珍珠200130:转发微博	赞[0]	2020-08-26 14:45:52	来自荣耀8X
检察日报	:【#六部门发文治理未成年人网络环境#】近日，教育部等六部门发文治理未成年人网络环境：①#加大对饭圈黑界祖安文化治理力度#，对涉未成年人网络社交中出现的侮辱谩骂、人身攻击、恶意举报等网络欺凌和暴力行为予以查处；②从严整治青少年常用工具类应用程序恶意弹窗；③严厉打击即时通讯工具群圈、社交平台诱导未成年人自残自杀和教唆未成年人犯罪的信息和行为。六部门联合印发通知：重拳治理未成年人网络环境！	2020-08-26 09:29:37    	潇潇小小榭	5514822947	潇潇小小榭:支持	赞[0]	2020-08-26 14:44:15	来自OPPO R9s
检察日报	:【#六部门发文治理未成年人网络环境#】近日，教育部等六部门发文治理未成年人网络环境：①#加大对饭圈黑界祖安文化治理力度#，对涉未成年人网络社交中出现的侮辱谩骂、人身攻击、恶意举报等网络欺凌和暴力行为予以查处；②从严整治青少年常用工具类应用程序恶意弹窗；③严厉打击即时通讯工具群圈、社交平台诱导未成年人自残自杀和教唆未成年人犯罪的信息和行为。六部门联合印发通知：重拳治理未成年人网络环境！	2020-08-26 09:29:37    	大神缺挂件吗	5711296944	大神缺挂件吗:别净了，单独把未成年墙了吧求求了//@别有轮回:希望把未成年从成年人的网络环境中剔出去	赞[0]	2020-08-26 14:28:13	来自iPhone客户端
检察日报	:【#六部门发文治理未成年人网络环境#】近日，教育部等六部门发文治理未成年人网络环境：①#加大对饭圈黑界祖安文化治理力度#，对涉未成年人网络社交中出现的侮辱谩骂、人身攻击、恶意举报等网络欺凌和暴力行为予以查处；②从严整治青少年常用工具类应用程序恶意弹窗；③严厉打击即时通讯工具群圈、社交平台诱导未成年人自残自杀和教唆未成年人犯罪的信息和行为。六部门联合印发通知：重拳治理未成年人网络环境！	2020-08-26 09:29:37    	想要一只哆啦A梦dlam	7354437080	想要一只哆啦A梦dlam:检查日报下简直就是黑子的狂欢地	赞[0]	2020-08-26 14:24:47	来自Android
检察日报	:【#六部门发文治理未成年人网络环境#】近日，教育部等六部门发文治理未成年人网络环境：①#加大对饭圈黑界祖安文化治理力度#，对涉未成年人网络社交中出现的侮辱谩骂、人身攻击、恶意举报等网络欺凌和暴力行为予以查处；②从严整治青少年常用工具类应用程序恶意弹窗；③严厉打击即时通讯工具群圈、社交平台诱导未成年人自残自杀和教唆未成年人犯罪的信息和行为。六部门联合印发通知：重拳治理未成年人网络环境！	2020-08-26 09:29:37    	黑莲爱喝白茶	5541685085	黑莲爱喝白茶:转发微博	赞[0]	2020-08-26 14:21:54	来自小米CC9 Pro 一亿像素
检察日报	:【#六部门发文治理未成年人网络环境#】近日，教育部等六部门发文治理未成年人网络环境：①#加大对饭圈黑界祖安文化治理力度#，对涉未成年人网络社交中出现的侮辱谩骂、人身攻击、恶意举报等网络欺凌和暴力行为予以查处；②从严整治青少年常用工具类应用程序恶意弹窗；③严厉打击即时通讯工具群圈、社交平台诱导未成年人自残自杀和教唆未成年人犯罪的信息和行为。六部门联合印发通知：重拳治理未成年人网络环境！	2020-08-26 09:29:37    	福建检察	fjsrmjcy	福建检察:【#六部门发文治理未成年人网络环境#】	赞[0]	2020-08-26 15:39:57	来自360安全浏览器
检察日报	:【#六部门发文治理未成年人网络环境#】近日，教育部等六部门发文治理未成年人网络环境：①#加大对饭圈黑界祖安文化治理力度#，对涉未成年人网络社交中出现的侮辱谩骂、人身攻击、恶意举报等网络欺凌和暴力行为予以查处；②从严整治青少年常用工具类应用程序恶意弹窗；③严厉打击即时通讯工具群圈、社交平台诱导未成年人自残自杀和教唆未成年人犯罪的信息和行为。六部门联合印发通知：重拳治理未成年人网络环境！	2020-08-26 09:29:37    	热冰云霞	hoticeli	热冰云霞:转发微博	赞[0]	2020-08-26 15:32:47	来自小米Note 3 拍人更美
检察日报	:【#六部门发文治理未成年人网络环境#】近日，教育部等六部门发文治理未成年人网络环境：①#加大对饭圈黑界祖安文化治理力度#，对涉未成年人网络社交中出现的侮辱谩骂、人身攻击、恶意举报等网络欺凌和暴力行为予以查处；②从严整治青少年常用工具类应用程序恶意弹窗；③严厉打击即时通讯工具群圈、社交平台诱导未成年人自残自杀和教唆未成年人犯罪的信息和行为。六部门联合印发通知：重拳治理未成年人网络环境！	2020-08-26 09:29:37    	我是红199412	6985722531	我是红199412:整治网络环境，保护未成年人的精神世界，把所谓有毒的文化剔除出去，无论是谁，都有形成遵纪守法，尊重他人的观念	赞[0]	2020-08-26 15:29:45	来自HUAWEI P20 Pro
检察日报	:【#六部门发文治理未成年人网络环境#】近日，教育部等六部门发文治理未成年人网络环境：①#加大对饭圈黑界祖安文化治理力度#，对涉未成年人网络社交中出现的侮辱谩骂、人身攻击、恶意举报等网络欺凌和暴力行为予以查处；②从严整治青少年常用工具类应用程序恶意弹窗；③严厉打击即时通讯工具群圈、社交平台诱导未成年人自残自杀和教唆未成年人犯罪的信息和行为。六部门联合印发通知：重拳治理未成年人网络环境！	2020-08-26 09:29:37    	鞍山政法	aszhengfa	鞍山政法:转发微博	赞[0]	2020-08-26 15:28:44	来自小米MIX2S 全面屏
检察日报	:【#六部门发文治理未成年人网络环境#】近日，教育部等六部门发文治理未成年人网络环境：①#加大对饭圈黑界祖安文化治理力度#，对涉未成年人网络社交中出现的侮辱谩骂、人身攻击、恶意举报等网络欺凌和暴力行为予以查处；②从严整治青少年常用工具类应用程序恶意弹窗；③严厉打击即时通讯工具群圈、社交平台诱导未成年人自残自杀和教唆未成年人犯罪的信息和行为。六部门联合印发通知：重拳治理未成年人网络环境！	2020-08-26 09:29:37    	我是红199412	6985722531	我是红199412:好好治理网络环境，未成年人是祖国的未来，不能让恶臭的祖安，造谣，暴力行为给毁了，特别是利用未成年人三观未成，易冲动的恶意营销号，一群恶毒的认为了利益利用未成年人，网络暴力，恶意打压同业，应严惩。	赞[0]	2020-08-26 15:27:06	来自HUAWEI P20 Pro
检察日报	:【#六部门发文治理未成年人网络环境#】近日，教育部等六部门发文治理未成年人网络环境：①#加大对饭圈黑界祖安文化治理力度#，对涉未成年人网络社交中出现的侮辱谩骂、人身攻击、恶意举报等网络欺凌和暴力行为予以查处；②从严整治青少年常用工具类应用程序恶意弹窗；③严厉打击即时通讯工具群圈、社交平台诱导未成年人自残自杀和教唆未成年人犯罪的信息和行为。六部门联合印发通知：重拳治理未成年人网络环境！	2020-08-26 09:29:37    	我是红199412	6985722531	我是红199412:#六部门发文治理未成年人网络环境#	赞[0]	2020-08-26 15:23:40	来自HUAWEI P20 Pro
检察日报	:【#六部门发文治理未成年人网络环境#】近日，教育部等六部门发文治理未成年人网络环境：①#加大对饭圈黑界祖安文化治理力度#，对涉未成年人网络社交中出现的侮辱谩骂、人身攻击、恶意举报等网络欺凌和暴力行为予以查处；②从严整治青少年常用工具类应用程序恶意弹窗；③严厉打击即时通讯工具群圈、社交平台诱导未成年人自残自杀和教唆未成年人犯罪的信息和行为。六部门联合印发通知：重拳治理未成年人网络环境！	2020-08-26 09:29:37    	林林总总WLH	1736754073	林林总总WLH:转发微博	赞[0]	2020-08-26 15:23:12	来自iPhone客户端
检察日报	:【#六部门发文治理未成年人网络环境#】近日，教育部等六部门发文治理未成年人网络环境：①#加大对饭圈黑界祖安文化治理力度#，对涉未成年人网络社交中出现的侮辱谩骂、人身攻击、恶意举报等网络欺凌和暴力行为予以查处；②从严整治青少年常用工具类应用程序恶意弹窗；③严厉打击即时通讯工具群圈、社交平台诱导未成年人自残自杀和教唆未成年人犯罪的信息和行为。六部门联合印发通知：重拳治理未成年人网络环境！	2020-08-26 09:29:37    	哒哒见到Biubiu说diu	luoxiyang466	哒哒见到Biubiu说diu:未成年人网络环境很糟糕，打榜刷数据空瓶谩骂网暴，实在可怕。	赞[0]	2020-08-26 17:07:35	来自iPhone
检察日报	:【#六部门发文治理未成年人网络环境#】近日，教育部等六部门发文治理未成年人网络环境：①#加大对饭圈黑界祖安文化治理力度#，对涉未成年人网络社交中出现的侮辱谩骂、人身攻击、恶意举报等网络欺凌和暴力行为予以查处；②从严整治青少年常用工具类应用程序恶意弹窗；③严厉打击即时通讯工具群圈、社交平台诱导未成年人自残自杀和教唆未成年人犯罪的信息和行为。六部门联合印发通知：重拳治理未成年人网络环境！	2020-08-26 09:29:37    	正义西陵	5148724854	正义西陵:【#六部门发文治理未成年人网络环境#】	赞[0]	2020-08-26 16:40:27	来自微博 weibo.com
检察日报	:【#六部门发文治理未成年人网络环境#】近日，教育部等六部门发文治理未成年人网络环境：①#加大对饭圈黑界祖安文化治理力度#，对涉未成年人网络社交中出现的侮辱谩骂、人身攻击、恶意举报等网络欺凌和暴力行为予以查处；②从严整治青少年常用工具类应用程序恶意弹窗；③严厉打击即时通讯工具群圈、社交平台诱导未成年人自残自杀和教唆未成年人犯罪的信息和行为。六部门联合印发通知：重拳治理未成年人网络环境！	2020-08-26 09:29:37    	BX-Darling	6118582963	BX-Darling:转发微博	赞[0]	2020-08-26 16:34:52	来自HUAWEI nova 3
检察日报	:【#六部门发文治理未成年人网络环境#】近日，教育部等六部门发文治理未成年人网络环境：①#加大对饭圈黑界祖安文化治理力度#，对涉未成年人网络社交中出现的侮辱谩骂、人身攻击、恶意举报等网络欺凌和暴力行为予以查处；②从严整治青少年常用工具类应用程序恶意弹窗；③严厉打击即时通讯工具群圈、社交平台诱导未成年人自残自杀和教唆未成年人犯罪的信息和行为。六部门联合印发通知：重拳治理未成年人网络环境！	2020-08-26 09:29:37    	榆中检察	3277148477	榆中检察:转发微博	赞[7]	2020-08-26 16:30:23	来自HUAWEI Mate 20
检察日报	:【#六部门发文治理未成年人网络环境#】近日，教育部等六部门发文治理未成年人网络环境：①#加大对饭圈黑界祖安文化治理力度#，对涉未成年人网络社交中出现的侮辱谩骂、人身攻击、恶意举报等网络欺凌和暴力行为予以查处；②从严整治青少年常用工具类应用程序恶意弹窗；③严厉打击即时通讯工具群圈、社交平台诱导未成年人自残自杀和教唆未成年人犯罪的信息和行为。六部门联合印发通知：重拳治理未成年人网络环境！	2020-08-26 09:29:37    	迷人的好学生186	6458767849	迷人的好学生186:#畸形饭圈危害未成年人#	赞[0]	2020-08-26 16:23:30	来自iPhone客户端
检察日报	:【#六部门发文治理未成年人网络环境#】近日，教育部等六部门发文治理未成年人网络环境：①#加大对饭圈黑界祖安文化治理力度#，对涉未成年人网络社交中出现的侮辱谩骂、人身攻击、恶意举报等网络欺凌和暴力行为予以查处；②从严整治青少年常用工具类应用程序恶意弹窗；③严厉打击即时通讯工具群圈、社交平台诱导未成年人自残自杀和教唆未成年人犯罪的信息和行为。六部门联合印发通知：重拳治理未成年人网络环境！	2020-08-26 09:29:37    	希声哇卡	7275435730	希声哇卡:支持，希望这套方案真正落实到网络环境中	赞[0]	2020-08-26 16:18:01	来自OPPO智能手机
检察日报	:【#六部门发文治理未成年人网络环境#】近日，教育部等六部门发文治理未成年人网络环境：①#加大对饭圈黑界祖安文化治理力度#，对涉未成年人网络社交中出现的侮辱谩骂、人身攻击、恶意举报等网络欺凌和暴力行为予以查处；②从严整治青少年常用工具类应用程序恶意弹窗；③严厉打击即时通讯工具群圈、社交平台诱导未成年人自残自杀和教唆未成年人犯罪的信息和行为。六部门联合印发通知：重拳治理未成年人网络环境！	2020-08-26 09:29:37    	新丰检察	xfjcy	新丰检察:【#六部门发文治理未成年人网络环境#】	赞[1]	2020-08-26 16:12:33	来自360安全浏览器
检察日报	:【#六部门发文治理未成年人网络环境#】近日，教育部等六部门发文治理未成年人网络环境：①#加大对饭圈黑界祖安文化治理力度#，对涉未成年人网络社交中出现的侮辱谩骂、人身攻击、恶意举报等网络欺凌和暴力行为予以查处；②从严整治青少年常用工具类应用程序恶意弹窗；③严厉打击即时通讯工具群圈、社交平台诱导未成年人自残自杀和教唆未成年人犯罪的信息和行为。六部门联合印发通知：重拳治理未成年人网络环境！	2020-08-26 09:29:37    	临夏市检察院	lxsrmjcy	临夏市检察院://@平潭检察: //@福建检察:【#六部门发文治理未成年人网络环境#】	赞[2]	2020-08-26 15:45:55	来自360安全浏览器
检察日报	:【#六部门发文治理未成年人网络环境#】近日，教育部等六部门发文治理未成年人网络环境：①#加大对饭圈黑界祖安文化治理力度#，对涉未成年人网络社交中出现的侮辱谩骂、人身攻击、恶意举报等网络欺凌和暴力行为予以查处；②从严整治青少年常用工具类应用程序恶意弹窗；③严厉打击即时通讯工具群圈、社交平台诱导未成年人自残自杀和教唆未成年人犯罪的信息和行为。六部门联合印发通知：重拳治理未成年人网络环境！	2020-08-26 09:29:37    	庄周在煮鱼	3985667850	庄周在煮鱼:#我是普通人,我请求封杀肖战#	赞[0]	2020-08-26 18:31:02	来自荣耀 9X
检察日报	:【#六部门发文治理未成年人网络环境#】近日，教育部等六部门发文治理未成年人网络环境：①#加大对饭圈黑界祖安文化治理力度#，对涉未成年人网络社交中出现的侮辱谩骂、人身攻击、恶意举报等网络欺凌和暴力行为予以查处；②从严整治青少年常用工具类应用程序恶意弹窗；③严厉打击即时通讯工具群圈、社交平台诱导未成年人自残自杀和教唆未成年人犯罪的信息和行为。六部门联合印发通知：重拳治理未成年人网络环境！	2020-08-26 09:29:37    	乐执令	2472362122	乐执令:#六部委联合整治饭圈# 请限制未成人参与饭圈，让他们远离追星pua。超话，各种榜单，qq群一个都不能少。//@哈根达酥酥酥酥:在学习的大好年华，未成年不应沦落为打榜应援的数据工，饭圈不能进课堂！	赞[0]	2020-08-26 18:07:54	来自柔光自拍vivo X7
检察日报	:【#六部门发文治理未成年人网络环境#】近日，教育部等六部门发文治理未成年人网络环境：①#加大对饭圈黑界祖安文化治理力度#，对涉未成年人网络社交中出现的侮辱谩骂、人身攻击、恶意举报等网络欺凌和暴力行为予以查处；②从严整治青少年常用工具类应用程序恶意弹窗；③严厉打击即时通讯工具群圈、社交平台诱导未成年人自残自杀和教唆未成年人犯罪的信息和行为。六部门联合印发通知：重拳治理未成年人网络环境！	2020-08-26 09:29:37    	悦宝宝一笑倾城	7422455885	悦宝宝一笑倾城:加油相信法律，相信国家，一定会还网络清净。等待你们一步步实施。为政策，摁个棒👍	赞[0]	2020-08-26 18:06:20	来自荣耀 9X
检察日报	:【#六部门发文治理未成年人网络环境#】近日，教育部等六部门发文治理未成年人网络环境：①#加大对饭圈黑界祖安文化治理力度#，对涉未成年人网络社交中出现的侮辱谩骂、人身攻击、恶意举报等网络欺凌和暴力行为予以查处；②从严整治青少年常用工具类应用程序恶意弹窗；③严厉打击即时通讯工具群圈、社交平台诱导未成年人自残自杀和教唆未成年人犯罪的信息和行为。六部门联合印发通知：重拳治理未成年人网络环境！	2020-08-26 09:29:37    	南宁检察	nnsjcy	南宁检察:转发微博	赞[0]	2020-08-26 17:15:49	来自微博 weibo.com
检察日报	:【#六部门发文治理未成年人网络环境#】近日，教育部等六部门发文治理未成年人网络环境：①#加大对饭圈黑界祖安文化治理力度#，对涉未成年人网络社交中出现的侮辱谩骂、人身攻击、恶意举报等网络欺凌和暴力行为予以查处；②从严整治青少年常用工具类应用程序恶意弹窗；③严厉打击即时通讯工具群圈、社交平台诱导未成年人自残自杀和教唆未成年人犯罪的信息和行为。六部门联合印发通知：重拳治理未成年人网络环境！	2020-08-26 09:29:37    	miyoooooooooooo	1231382621	miyoooooooooooo://@别有轮回:希望把未成年从成年人的网络环境中剔出去	赞[0]	2020-08-26 22:50:13	来自HUAWEI Mate 30 Pro
检察日报	:【#六部门发文治理未成年人网络环境#】近日，教育部等六部门发文治理未成年人网络环境：①#加大对饭圈黑界祖安文化治理力度#，对涉未成年人网络社交中出现的侮辱谩骂、人身攻击、恶意举报等网络欺凌和暴力行为予以查处；②从严整治青少年常用工具类应用程序恶意弹窗；③严厉打击即时通讯工具群圈、社交平台诱导未成年人自残自杀和教唆未成年人犯罪的信息和行为。六部门联合印发通知：重拳治理未成年人网络环境！	2020-08-26 09:29:37    	miyoooooooooooo	1231382621	miyoooooooooooo://@松柏馨香:希望能加强对被明星和团队洗脑的未成年人粉丝的思想教育，在追一个明星之前，你首先是个有独立人格的人，不是明星的奴隶和提款机//@别有轮回:希望把未成年从成年人的网络环境中剔出去	赞[0]	2020-08-26 22:50:06	来自HUAWEI Mate 30 Pro
检察日报	:【#六部门发文治理未成年人网络环境#】近日，教育部等六部门发文治理未成年人网络环境：①#加大对饭圈黑界祖安文化治理力度#，对涉未成年人网络社交中出现的侮辱谩骂、人身攻击、恶意举报等网络欺凌和暴力行为予以查处；②从严整治青少年常用工具类应用程序恶意弹窗；③严厉打击即时通讯工具群圈、社交平台诱导未成年人自残自杀和教唆未成年人犯罪的信息和行为。六部门联合印发通知：重拳治理未成年人网络环境！	2020-08-26 09:29:37    	zm大旗	6460980326	zm大旗:转发微博	赞[0]	2020-08-26 20:01:20	来自OPPO智能手机
检察日报	:【#六部门发文治理未成年人网络环境#】近日，教育部等六部门发文治理未成年人网络环境：①#加大对饭圈黑界祖安文化治理力度#，对涉未成年人网络社交中出现的侮辱谩骂、人身攻击、恶意举报等网络欺凌和暴力行为予以查处；②从严整治青少年常用工具类应用程序恶意弹窗；③严厉打击即时通讯工具群圈、社交平台诱导未成年人自残自杀和教唆未成年人犯罪的信息和行为。六部门联合印发通知：重拳治理未成年人网络环境！	2020-08-26 09:29:37    	踩水花也要响	6679274278	踩水花也要响://@乐执令:#六部委联合整治饭圈# 请限制未成人参与饭圈，让他们远离追星pua。超话，各种榜单，qq群一个都不能少。//@哈根达酥酥酥酥:在学习的大好年华，未成年不应沦落为打榜应援的数据工，饭圈不能进课堂！	赞[0]	2020-08-26 19:29:09	来自iPhone客户端
检察日报	:【#六部门发文治理未成年人网络环境#】近日，教育部等六部门发文治理未成年人网络环境：①#加大对饭圈黑界祖安文化治理力度#，对涉未成年人网络社交中出现的侮辱谩骂、人身攻击、恶意举报等网络欺凌和暴力行为予以查处；②从严整治青少年常用工具类应用程序恶意弹窗；③严厉打击即时通讯工具群圈、社交平台诱导未成年人自残自杀和教唆未成年人犯罪的信息和行为。六部门联合印发通知：重拳治理未成年人网络环境！	2020-08-26 09:29:37    	嘣咔啦咔1234567	6077596979	嘣咔啦咔1234567:支持	赞[0]	2020-08-26 18:46:46	来自iPhone客户端
检察日报	:【#六部门发文治理未成年人网络环境#】近日，教育部等六部门发文治理未成年人网络环境：①#加大对饭圈黑界祖安文化治理力度#，对涉未成年人网络社交中出现的侮辱谩骂、人身攻击、恶意举报等网络欺凌和暴力行为予以查处；②从严整治青少年常用工具类应用程序恶意弹窗；③严厉打击即时通讯工具群圈、社交平台诱导未成年人自残自杀和教唆未成年人犯罪的信息和行为。六部门联合印发通知：重拳治理未成年人网络环境！	2020-08-26 09:29:37    	三明市梅列区人民检察院	mlqjcy	三明市梅列区人民检察院://@福建检察: 【#六部门发文治理未成年人网络环境#】	赞[1]	2020-08-28 16:58:24	来自360安全浏览器
检察日报	:【#六部门发文治理未成年人网络环境#】近日，教育部等六部门发文治理未成年人网络环境：①#加大对饭圈黑界祖安文化治理力度#，对涉未成年人网络社交中出现的侮辱谩骂、人身攻击、恶意举报等网络欺凌和暴力行为予以查处；②从严整治青少年常用工具类应用程序恶意弹窗；③严厉打击即时通讯工具群圈、社交平台诱导未成年人自残自杀和教唆未成年人犯罪的信息和行为。六部门联合印发通知：重拳治理未成年人网络环境！	2020-08-26 09:29:37    	讨厌失格偶像	7449070432	讨厌失格偶像:#拒绝网络暴力# //@饭圈嘟嘟:支持早日整顿	赞[0]	2020-08-27 22:59:02	来自iPhone客户端
检察日报	:【#六部门发文治理未成年人网络环境#】近日，教育部等六部门发文治理未成年人网络环境：①#加大对饭圈黑界祖安文化治理力度#，对涉未成年人网络社交中出现的侮辱谩骂、人身攻击、恶意举报等网络欺凌和暴力行为予以查处；②从严整治青少年常用工具类应用程序恶意弹窗；③严厉打击即时通讯工具群圈、社交平台诱导未成年人自残自杀和教唆未成年人犯罪的信息和行为。六部门联合印发通知：重拳治理未成年人网络环境！	2020-08-26 09:29:37    	於梓_	3219874685	於梓_:支持，清清脂粉万事没有//@岭南白丁:支持，未成年不能粉了一个明星就变成满身戾气的工具，举报，网暴都成了他们的自带技能	赞[0]	2020-08-27 16:18:34	来自Android
检察日报	:【#六部门发文治理未成年人网络环境#】近日，教育部等六部门发文治理未成年人网络环境：①#加大对饭圈黑界祖安文化治理力度#，对涉未成年人网络社交中出现的侮辱谩骂、人身攻击、恶意举报等网络欺凌和暴力行为予以查处；②从严整治青少年常用工具类应用程序恶意弹窗；③严厉打击即时通讯工具群圈、社交平台诱导未成年人自残自杀和教唆未成年人犯罪的信息和行为。六部门联合印发通知：重拳治理未成年人网络环境！	2020-08-26 09:29:37    	永定检察	yongdingjiancha	永定检察://@福建检察: 【#六部门发文治理未成年人网络环境#】	赞[0]	2020-08-27 10:17:17	来自360安全浏览器
检察日报	:【#六部门发文治理未成年人网络环境#】近日，教育部等六部门发文治理未成年人网络环境：①#加大对饭圈黑界祖安文化治理力度#，对涉未成年人网络社交中出现的侮辱谩骂、人身攻击、恶意举报等网络欺凌和暴力行为予以查处；②从严整治青少年常用工具类应用程序恶意弹窗；③严厉打击即时通讯工具群圈、社交平台诱导未成年人自残自杀和教唆未成年人犯罪的信息和行为。六部门联合印发通知：重拳治理未成年人网络环境！	2020-08-26 09:29:37    	静处水流深	7003471006	静处水流深://@砀山检察: 【#六部门发文治理未成年人网络环境#】	赞[0]	2020-08-27 10:16:23	来自360安全浏览器
检察日报	:【#六部门发文治理未成年人网络环境#】近日，教育部等六部门发文治理未成年人网络环境：①#加大对饭圈黑界祖安文化治理力度#，对涉未成年人网络社交中出现的侮辱谩骂、人身攻击、恶意举报等网络欺凌和暴力行为予以查处；②从严整治青少年常用工具类应用程序恶意弹窗；③严厉打击即时通讯工具群圈、社交平台诱导未成年人自残自杀和教唆未成年人犯罪的信息和行为。六部门联合印发通知：重拳治理未成年人网络环境！	2020-08-26 09:29:37    	烟台市芝罘区人民检察院	5333719097	烟台市芝罘区人民检察院:转发微博	赞[0]	2020-08-27 09:23:33	来自HUAWEI Mate 20 Pro
