ID,creationtime
高新区肖家河街道办事处,2020-08-07 19:16:45
咩咩咩咩and洋,2020-08-07 19:21:43
青白江区水务局,2020-08-07 20:09:32
成北连线,2020-08-07 21:08:21
湖韵石盘,2020-08-07 22:53:20
记者秦鹰,2020-08-08 18:30:43
阿旺洛哲,2020-08-08 18:36:58
郑富能,2020-08-08 18:48:47
用户6034693876,2020-08-08 19:03:59
巴蜀茗人,2020-08-08 19:09:20
紫月光的蓝色小调,2020-08-08 19:18:30
xbingfly,2020-08-08 19:29:58
幸福的傻憨憨,2020-08-08 19:30:56
乌贼刘先生,2020-08-08 19:45:27
上善若水-晖,2020-08-08 20:34:31
牛铃,2020-08-09 09:14:51
NHK200665,2020-08-09 09:15:03
想吃绿豆糕的斉乐猫,2020-08-09 09:29:25
用户5419565650,2020-08-09 09:32:46
嬌小mei_,2020-08-09 09:35:54
余一生得过,2020-08-09 09:36:08
低概率事件集,2020-08-09 10:01:08
我蓝-全宝蓝,2020-08-09 10:03:33
驻马店生态环境,2020-08-09 10:15:36
翠绿色的心情24,2020-08-09 10:57:10
张图图,2020-08-09 14:51:38
书书井,2020-08-09 14:58:05
关注智障儿童第一人,2020-08-09 15:14:37
逗小鱼囡,2020-08-09 15:19:24
噠妃,2020-08-09 15:26:01
河马的棒球帽,2020-08-09 15:29:32
haoyun6lucky,2020-08-09 15:35:01
成都发布,2020-08-07 19:09:14
每日经济新闻,2020-08-08 18:30:19
央视网,2020-08-09 09:13:23
连池检察,2020-08-09 15:38:26
咪咕纪录片,2020-08-09 15:53:28
乌兰浩特政法,2020-08-09 15:41:18
