ID,creationtime
傲雪梅123,2020-08-22 15:12:01
柠檬有点甜lxy,2020-08-22 15:10:58
胡欢乐1986,2020-08-22 15:11:05
这里是周葅楚芰,2020-08-22 15:14:11
萤火之森中的安妮,2020-08-22 15:11:07
回忆亦不会,2020-08-22 15:11:39
奈子太嚣,2020-08-22 15:12:10
春秋入梦来,2020-08-22 15:11:54
给我草莓芝芝呀呀,2020-08-22 15:12:13
会飞De筱猴紫,2020-08-22 15:11:17
樱花甜味养乐多,2020-08-22 15:14:51
美少女babygirl,2020-08-22 15:11:36
那片蓝色的星海zzh,2020-08-22 15:14:24
led小小孩,2020-08-22 15:11:41
美坊静,2020-08-22 15:11:41
功勋群友,2020-08-22 15:11:44
远风风风风风风,2020-08-22 15:11:49
敲可爱乐乐,2020-08-22 15:11:50
偶然7608,2020-08-22 15:11:50
善自珍重,2020-08-22 15:11:51
最爱同人啦,2020-08-22 15:12:00
欧气妹妹,2020-08-22 15:12:00
Yahho,2020-08-22 15:12:02
喜欢吃菜叶子,2020-08-22 15:12:04
在世要疯狂,2020-08-22 15:14:10
岁月静好的小通,2020-08-22 15:12:07
蓝云wh,2020-08-22 15:12:13
i自由精灵,2020-08-22 15:12:19
蓝蓝的天空白云飘220,2020-08-22 15:12:31
易宋哈哈,2020-08-22 15:12:34
你的小杂鱼,2020-08-22 15:14:46
皇历6,2020-08-22 15:12:51
夏威夷果仁儿儿儿,2020-08-22 15:13:56
曼珊最可爱,2020-08-22 15:13:57
旺仔牛奶好喝呀呀呀,2020-08-22 15:14:07
真是可爱了,2020-08-22 15:14:22
情感心灵疗养师,2020-08-22 15:14:24
静花雪佳,2020-08-22 15:14:24
慕大大-小世界,2020-08-22 15:14:26
kkkk瓜,2020-08-22 15:14:29
纯真的心happy,2020-08-22 15:14:33
暮光之城下,2020-08-22 15:14:38
小Boss26,2020-08-22 15:14:42
欧阳明日的眼线,2020-08-22 15:14:43
小苑琪馨,2020-08-22 15:14:46
神明奈奈生酱呀,2020-08-22 15:15:06
漏了请喊我,2020-08-22 15:15:08
春风送暖yan,2020-08-22 15:15:27
爱豆新闻,2020-08-22 15:09:45
前线娱乐,2020-08-22 15:10:18
娱乐星事,2020-08-22 15:12:42
知名美少女观众,2020-08-22 15:15:05
星酱娱乐,2020-08-22 15:15:33
娱老汉,2020-08-22 15:17:05
柚子娱乐,2020-08-22 15:25:07
芒果影娱,2020-08-22 15:31:37
娱乐硬核妹,2020-08-22 15:46:16
